1000	3	3.12462962962
1000	13	8.58546336435
1000	23	6.24686297584
1000	33	6.25662486261
1000	43	7.03516260969
1000	53	4.67137320044
1000	103	8.51601971658
1000	153	8.57537655275
1000	203	7.018718802
1000	253	7.00539739027
1000	303	5.47512681615
1000	353	3.1252910669
1000	403	5.45691373507
1000	453	2.33846123386
1000	503	4.6673120999
1000	553	3.1349550769
1000	603	2.33417873283
1000	653	1.56111713236
1000	703	1.56953968001
1000	753	0.781167740314
1000	803	0.0
1000	853	0.7791374215
1100	3	2.51734621651
1100	13	4.1805254659
1100	23	5.30603092694
1100	33	5.87036236769
1100	43	4.46012257513
1100	53	5.03257631215
1100	103	3.07384834854
1100	153	4.18344673975
1100	203	3.90960441502
1100	253	2.79504359397
1100	303	2.77942338829
1100	353	5.8416199263
1100	403	3.07667563093
1100	453	3.63228481921
1100	503	1.67168488931
1100	553	3.34127056936
1100	603	1.95138880886
1100	653	1.95617091294
1100	703	1.1190067902
1100	753	0.840639771123
1100	803	0.0
1100	853	1.11855597691
1100	903	0.555845969048
1100	953	0.278837995267
1200	3	2.77896155284
1200	13	2.4138985115
1200	23	2.02677019532
1200	33	2.79653282192
1200	43	3.14547167854
1200	53	2.41201549743
1200	103	3.34883952317
1200	153	4.10729063318
1200	203	2.784658813
1200	253	3.72050597535
1200	303	2.60900661284
1200	353	3.15814869199
1200	403	2.96915945406
1200	453	1.86238933434
1200	503	2.23332832551
1200	553	1.11337688411
1200	603	2.23811511318
1200	653	1.29175083792
1200	703	2.40960952193
1200	753	1.85416229251
1200	803	0.556346993514
1200	853	1.67648295306
1200	903	0.92812301641
1200	953	0.369186241437
1200	1003	0.186382927594
1200	1053	0.0
1300	3	1.14633637063
1300	13	1.52858132519
1300	23	2.03783013481
1300	33	2.1696923785
1300	43	1.53402823289
1300	53	2.67312565133
1300	103	1.77626601375
1300	153	0.765507156269
1300	203	1.40596482049
1300	253	1.79103851573
1300	303	1.64987952105
1300	353	1.53709242082
1300	403	1.92451294235
1300	453	1.02109521558
1300	503	1.14804659721
1300	553	0.76862297579
1300	603	1.92256561442
1300	653	1.02132391001
1300	703	1.52319180522
1300	753	0.762652626362
1300	803	0.253626835418
1300	853	0.638963481467
1300	903	0.640599128405
1300	953	0.128067052773
1300	1003	0.511572203179
1300	1053	0.127643253465
1300	1103	0.0
1300	1153	0.383889699555
1400	3	1.52117817208
1400	13	1.35075783115
1400	23	1.87715706597
1400	33	1.58630592432
1400	43	1.16921778769
1400	53	0.938797807824
1400	103	1.0523878715
1400	153	1.28580285459
1400	203	1.30025121095
1400	253	1.17013705544
1400	303	1.53739917792
1400	353	1.40254442861
1400	403	1.23271210705
1400	453	0.939740026894
1400	503	1.22970622237
1400	553	1.16706713781
1400	603	1.06151041972
1400	653	0.876768778727
1400	703	0.704269746067
1400	753	0.935864377832
1400	803	0.823757479916
1400	853	0.820027209034
1400	903	0.17650912179
1400	953	0.467215843579
1400	1003	0.292392358888
1400	1053	0.35209373418
1400	1103	0.117568316136
1400	1153	0.174882301741
1400	1203	0.116750794143
1400	1253	0.0587051501812
1500	3	1.17525313353
1500	13	1.17331211197
1500	23	0.915833079269
1500	33	1.04989267251
1500	43	0.787247537006
1500	53	1.00085150535
1500	103	0.828420453584
1500	153	1.17593471957
1500	203	0.785075767108
1500	253	0.870989090646
1500	303	0.828079906661
1500	353	0.922451031525
1500	403	0.610747500907
1500	453	0.566759152426
1500	503	0.305340492988
1500	553	0.781501481463
1500	603	0.743872578296
1500	653	0.305880898986
1500	703	0.65705205789
1500	753	0.65630238994
1500	803	0.477825954401
1500	853	0.348059237444
1500	903	0.218385758079
1500	953	0.218100352134
1500	1003	0.392286320601
1500	1053	0.260224679356
1500	1103	0.217663124207
1500	1153	0.087323619186
1500	1203	0.087323619186
1500	1253	0.26345149581
1500	1303	0.0869969590926
1500	1353	0.0876037474482
1600	3	0.835098165319
1600	13	0.461855402626
1600	23	0.659379409224
1600	33	0.459107488272
1600	43	0.714704787894
1600	53	0.487520589391
1600	103	0.778375339038
1600	153	0.490159167226
1600	203	0.490540287295
1600	253	0.604543387941
1600	303	0.430972417232
1600	353	0.635126537716
1600	403	0.375025138671
1600	453	0.583309845083
1600	503	0.63425681067
1600	553	0.346789309048
1600	603	0.372541495976
1600	653	0.375614053841
1600	703	0.403490463467
1600	753	0.4919601512
1600	803	0.406142086784
1600	853	0.431561370774
1600	903	0.318495536954
1600	953	0.42977119864
1600	1003	0.172610939573
1600	1053	0.230250778837
1600	1103	0.172402540649
1600	1153	0.230490131059
1600	1203	0.0577410601266
1600	1253	0.0575914620514
1600	1303	0.11519352887
1600	1353	0.0864963985199
1600	1403	0.0288055807712
1600	1453	0.0867763554217
1700	3	0.318770453593
1700	13	0.343372541162
1700	23	0.615362012869
1700	33	0.345145289444
1700	43	0.317078735737
1700	53	0.342929076853
1700	103	0.4892134709
1700	153	0.39475529498
1700	203	0.393508008694
1700	253	0.196959046365
1700	303	0.391605518094
1700	353	0.391997380103
1700	403	0.417819912392
1700	453	0.319655199489
1700	503	0.319631853786
1700	553	0.390824139745
1700	603	0.344011641911
1700	653	0.220771659137
1700	703	0.367110155938
1700	753	0.2693218
1700	803	0.270982181732
1700	853	0.22178166746
1700	903	0.195072376641
1700	953	0.269346286026
1700	1003	0.2462663448
1700	1053	0.0973422969188
1700	1103	0.196775567611
1700	1153	0.0737679314877
1700	1203	0.0741157466013
1700	1253	0.0982531830288
1700	1303	0.0491876027322
1700	1353	0.0488822782054
1700	1403	0.0732144514118
1700	1453	0.0246050357215
1700	1503	0.0490130484632
1700	1553	0.0
1800	3	0.227960330353
1800	13	0.18969326406
1800	23	0.25583052288
1800	33	0.255900122424
1800	43	0.227204076087
1800	53	0.274435718085
1800	103	0.294194760678
1800	153	0.265047414184
1800	203	0.216567598004
1800	253	0.332892171361
1800	303	0.25542816895
1800	353	0.132732585697
1800	403	0.237229605503
1800	453	0.199101136209
1800	503	0.217490986202
1800	553	0.227918903263
1800	603	0.179613651267
1800	653	0.170459027534
1800	703	0.113814667347
1800	753	0.188932424951
1800	803	0.189880659044
1800	853	0.189635182182
1800	903	0.169977727832
1800	953	0.170598147792
1800	1003	0.0760239134389
1800	1053	0.170673599456
1800	1103	0.161200873263
1800	1153	0.142561040762
1800	1203	0.104394059091
1800	1253	0.151728793567
1800	1303	0.0758394521417
1800	1353	0.028374486714
1800	1403	0.0568550931594
1800	1453	0.0477603048028
1800	1503	0.0471048450705
1800	1553	0.0666489438023
1800	1603	0.00952095242433
1800	1653	0.0188734114354
1900	3	0.249313128916
1900	13	0.137670865572
1900	23	0.172405525968
1900	33	0.181142510633
1900	43	0.126524545988
1900	53	0.149681027367
1900	103	0.138077649026
1900	153	0.160739670128
1900	203	0.193658960908
1900	253	0.20349899268
1900	303	0.198256439183
1900	353	0.143676293779
1900	403	0.138068938143
1900	453	0.227552794303
1900	503	0.143620387431
1900	553	0.0996632287988
1900	603	0.110776623678
1900	653	0.137864548337
1900	703	0.105166817008
1900	753	0.121937865901
1900	803	0.189131985512
1900	853	0.110749762793
1900	903	0.0998305513906
1900	953	0.154876592249
1900	1003	0.105204510811
1900	1053	0.110597020582
1900	1103	0.122243584508
1900	1153	0.111050646427
1900	1203	0.0827161237152
1900	1253	0.0776943865099
1900	1303	0.0667305574082
1900	1353	0.044331218416
1900	1403	0.0720686428067
1900	1453	0.0219782582772
1900	1503	0.0167077571491
1900	1553	0.016604237047
1900	1603	0.0110823369307
1900	1653	0.0164945641251
1900	1703	0.0277116892299
1900	1753	0.00555652656857
2000	3	0.117900811356
2000	13	0.136979043919
2000	23	0.0658915028787
2000	33	0.126379320801
2000	43	0.0940054098454
2000	53	0.09398544466
2000	103	0.130978759989
2000	153	0.0945328833062
2000	203	0.132140913163
2000	253	0.141292252023
2000	303	0.103866356563
2000	353	0.0889298335918
2000	403	0.136809652751
2000	453	0.0944118734711
2000	503	0.093815419405
2000	553	0.0654986115223
2000	603	0.103033866256
2000	653	0.0704801022141
2000	703	0.0892937582305
2000	753	0.108291789023
2000	803	0.0705600161574
2000	853	0.070485091532
2000	903	0.0659457422651
2000	953	0.109165222303
2000	1003	0.0798322414965
2000	1053	0.0471851320036
2000	1103	0.056529735714
2000	1153	0.02830383615
2000	1203	0.0747922987
2000	1253	0.0330954643229
2000	1303	0.0610214193785
2000	1353	0.0422067978861
2000	1403	0.028114824227
2000	1453	0.028404766999
2000	1503	0.0330987648165
2000	1553	0.0236325477072
2000	1603	0.0330436857301
2000	1653	0.0046757699135
2000	1703	0.0140798747119
2000	1753	0.00471945254177
2000	1803	0.00943394161622
2000	1853	0.00473568146795
2100	3	0.0833531615668
2100	13	0.076019512675
2100	23	0.0692866380255
2100	33	0.0621495466958
2100	43	0.0804868613458
2100	53	0.0803369495365
2100	103	0.0690181115515
2100	153	0.0735246028544
2100	203	0.0666491117098
2100	253	0.0692411066328
2100	303	0.0668364429765
2100	353	0.0808849397392
2100	403	0.0878767201457
2100	453	0.0690467557147
2100	503	0.0876334168681
2100	553	0.0600365760119
2100	603	0.0670116012589
2100	653	0.0600622430746
2100	703	0.0619216102386
2100	753	0.078216256932
2100	803	0.0689736847847
2100	853	0.0528804019333
2100	903	0.0484205153455
2100	953	0.0416344957028
2100	1003	0.0530807788767
2100	1053	0.0458903333987
2100	1103	0.0392899868391
2100	1153	0.0671529806054
2100	1203	0.0414697219823
2100	1253	0.0346053928008
2100	1303	0.03232951258
2100	1353	0.0393426277757
2100	1403	0.0161871063316
2100	1453	0.0161571430136
2100	1503	0.0254095562765
2100	1553	0.0207359944897
2100	1603	0.0206340245442
2100	1653	0.0161429978441
2100	1703	0.00458249703718
2100	1753	0.00231518753708
2100	1803	0.00917696754598
2100	1853	0.00689533729617
2100	1903	0.0114937331603
2100	1953	0.0
2200	3	0.0382355089713
2200	13	0.0302981258001
2200	23	0.0398262967787
2200	33	0.0621290229748
2200	43	0.0526880180886
2200	53	0.0414056186958
2200	103	0.0381645451106
2200	153	0.0525844120922
2200	203	0.0525427105404
2200	253	0.0701707355243
2200	303	0.034952763736
2200	353	0.0462510872142
2200	403	0.0493092776313
2200	453	0.0446996795709
2200	503	0.0590436094239
2200	553	0.0494004039662
2200	603	0.0492853835243
2200	653	0.0382931062296
2200	703	0.0430746353092
2200	753	0.0415305032417
2200	803	0.0318814258289
2200	853	0.0446355829966
2200	903	0.0366297819189
2200	953	0.0334822422928
2200	1003	0.0415759230641
2200	1053	0.0349783774201
2200	1103	0.0319974548049
2200	1153	0.028606500319
2200	1203	0.041474851471
2200	1253	0.0271832879644
2200	1303	0.0382599779571
2200	1353	0.0223088027293
2200	1403	0.019226370328
2200	1453	0.0158881828382
2200	1503	0.0223928917955
2200	1553	0.00477254278179
2200	1603	0.0207741321961
2200	1653	0.0111607474309
2200	1703	0.0175916956951
2200	1753	0.00478340425532
2200	1803	0.00476741210661
2200	1853	0.00478408473912
2200	1903	0.00956329446893
2200	1953	0.00476218005452
2200	2003	0.00159124278414
2200	2053	0.0
2300	3	0.0361641656921
2300	13	0.0431083657011
2300	23	0.0383531476847
2300	33	0.0342761028566
2300	43	0.0313533007183
2300	53	0.0281132181597
2300	103	0.0350215801735
2300	153	0.0311384516348
2300	203	0.0381661444741
2300	253	0.0312074235588
2300	303	0.028128013379
2300	353	0.0332387248039
2300	403	0.0412293974479
2300	453	0.0321425419507
2300	503	0.0443042729873
2300	553	0.0240990159565
2300	603	0.0311278956105
2300	653	0.0271590152819
2300	703	0.0180188646747
2300	753	0.0400414548591
2300	803	0.0200417480372
2300	853	0.0229313724102
2300	903	0.0171344317329
2300	953	0.0200347362652
2300	1003	0.0171573823287
2300	1053	0.0251675720179
2300	1103	0.02722405078
2300	1153	0.01605399993
2300	1203	0.0201626500792
2300	1253	0.0273928626603
2300	1303	0.0172270109478
2300	1353	0.0150611807268
2300	1403	0.0141007811547
2300	1453	0.0119672501829
2300	1503	0.0161012076197
2300	1553	0.0141166715969
2300	1603	0.00906595721975
2300	1653	0.01409152824
2300	1703	0.0109777538572
2300	1753	0.00703381306662
2300	1803	0.008034320188
2300	1853	0.00503357339584
2300	1903	0.00399599599926
2300	1953	0.00502509272368
2300	2003	0.00200118652952
2300	2053	0.00100864153026
2300	2103	0.00100511262447
2300	2153	0.00200733618433
2400	3	0.0205124226834
2400	13	0.0324428217383
2400	23	0.0216698920069
2400	33	0.0139875741208
2400	43	0.026791175324
2400	53	0.023676839509
2400	103	0.0226125705053
2400	153	0.0161975164978
2400	203	0.0304410306099
2400	253	0.0205055776932
2400	303	0.0267609222592
2400	353	0.0248474161476
2400	403	0.027026647725
2400	453	0.0203355294919
2400	503	0.0292048583513
2400	553	0.0161493058275
2400	603	0.0151313524671
2400	653	0.0237909346603
2400	703	0.024978954074
2400	753	0.0226032742115
2400	803	0.0204726247403
2400	853	0.0185179389388
2400	903	0.0150600046957
2400	953	0.0193795464781
2400	1003	0.0140092326539
2400	1053	0.017128657658
2400	1103	0.0269503401828
2400	1153	0.0141085065435
2400	1203	0.0139665282554
2400	1253	0.0183503376853
2400	1303	0.0118377246036
2400	1353	0.00649571920843
2400	1403	0.0128182899108
2400	1453	0.0119301958812
2400	1503	0.0107797133558
2400	1553	0.00646364598233
2400	1603	0.00536053370513
2400	1653	0.00432052571608
2400	1703	0.0053833127717
2400	1753	0.0118924265067
2400	1803	0.00323175966927
2400	1853	0.0074741411454
2400	1903	0.0053986420141
2400	1953	0.00430471138601
2400	2003	0.00108195942223
2400	2053	0.0
2400	2103	0.00108115094191
2400	2153	0.00215683070828
2400	2203	0.00214865466908
2400	2253	0.00107776002666
2500	3	0.0149621738805
2500	13	0.012746096262
2500	23	0.0172160262561
2500	33	0.0127213444039
2500	43	0.0162531385405
2500	53	0.0158756080591
2500	103	0.0153980074906
2500	153	0.0123364254904
2500	203	0.0110408933115
2500	253	0.010127794272
2500	303	0.019302311245
2500	353	0.00968818175002
2500	403	0.0140590467404
2500	453	0.0150090314176
2500	503	0.0144585542708
2500	553	0.0135381777623
2500	603	0.0154489252968
2500	653	0.0136312579079
2500	703	0.0104507341184
2500	753	0.0137344276393
2500	803	0.0101490999249
2500	853	0.0101967255023
2500	903	0.0141530960389
2500	953	0.0119129673962
2500	1003	0.0118884070321
2500	1053	0.00961024011107
2500	1103	0.00971683854311
2500	1153	0.0083190368272
2500	1203	0.0114388054633
2500	1253	0.00529345917934
2500	1303	0.00392547664431
2500	1353	0.00702549423712
2500	1403	0.00968443006508
2500	1453	0.010185961217
2500	1503	0.0079189752809
2500	1553	0.00788070320169
2500	1603	0.00263880188703
2500	1653	0.00663551298628
2500	1703	0.00484827135942
2500	1753	0.00351432353931
2500	1803	0.0061511397045
2500	1853	0.00482732054794
2500	1903	0.00219303494972
2500	1953	0.00262507467875
2500	2003	0.00395051144715
2500	2053	0.00221017297826
2500	2103	0.00175917930286
2500	2153	0.00262497690818
2500	2203	0.000878821901069
2500	2253	0.0
2500	2303	0.000879732381356
2500	2353	0.000877508871098
2600	3	0.0114506960733
2600	13	0.00989412521407
2600	23	0.00660432496377
2600	33	0.0104944657603
2600	43	0.00744573129723
2600	53	0.0108161346281
2600	103	0.00956130128197
2600	153	0.00752823
2600	203	0.00926802824919
2600	253	0.00839992189472
2600	303	0.0111208731585
2600	353	0.0101604956666
2600	403	0.0105078583203
2600	453	0.0062769291547
2600	503	0.0102312990993
2600	553	0.00930127258476
2600	603	0.00932083752696
2600	653	0.007515403711
2600	703	0.00901140755716
2600	753	0.00811674404675
2600	803	0.0095377052815
2600	853	0.00745595692421
2600	903	0.00809132638033
2600	953	0.00899370412158
2600	1003	0.00779526789507
2600	1053	0.00873507615364
2600	1103	0.00597399550324
2600	1153	0.00928917858565
2600	1203	0.00811652797189
2600	1253	0.0077739053419
2600	1303	0.00690534762841
2600	1353	0.00689929432859
2600	1403	0.00569813045267
2600	1453	0.00692975986872
2600	1503	0.00598952183944
2600	1553	0.00541657011139
2600	1603	0.00423279642298
2600	1653	0.00511974250587
2600	1703	0.00629500796369
2600	1753	0.00269292806041
2600	1803	0.003575601351
2600	1853	0.00119866730356
2600	1903	0.00180091621923
2600	1953	0.00389153792116
2600	2003	0.00241134849456
2600	2053	0.00240128545227
2600	2103	0.00149783727501
2600	2153	0.00150034478177
2600	2203	0.000604458629412
2600	2253	0.000596862760644
2600	2303	0.000597273160024
2600	2353	0.0
2600	2403	0.00060001036118
2600	2453	0.000301410516482
2700	3	0.00534415171137
2700	13	0.00335141086926
2700	23	0.00578040731505
2700	33	0.00493747731229
2700	43	0.00425690841116
2700	53	0.0064664895785
2700	103	0.00532551323613
2700	153	0.00558015995673
2700	203	0.0060189450044
2700	253	0.00491760880331
2700	303	0.0040172805662
2700	353	0.00690552433099
2700	403	0.00507934661611
2700	453	0.0051366844498
2700	503	0.00536865249984
2700	553	0.00423339756248
2700	603	0.00624649685661
2700	653	0.00669836590192
2700	703	0.00558793236865
2700	753	0.00626139134474
2700	803	0.00513120950925
2700	853	0.00402936017856
2700	903	0.0055705177654
2700	953	0.00425473028917
2700	1003	0.00470975309409
2700	1053	0.00603964051731
2700	1103	0.00471619788832
2700	1153	0.00447658117009
2700	1203	0.00516809194866
2700	1253	0.00558033244208
2700	1303	0.0042662401082
2700	1353	0.00267715278744
2700	1403	0.00491585889998
2700	1453	0.00268782320099
2700	1503	0.00310426007523
2700	1553	0.00469023382046
2700	1603	0.00358715782611
2700	1653	0.00357915710236
2700	1703	0.00267009983361
2700	1753	0.00290451115374
2700	1803	0.00155964872495
2700	1853	0.00157038103079
2700	1903	0.000675854963499
2700	1953	0.00223458503528
2700	2003	0.00201215390331
2700	2053	0.0022299617083
2700	2103	0.000888185969281
2700	2153	0.000890335049163
2700	2203	0.000224207805514
2700	2253	0.00155899935233
2700	2303	0.000447484740512
2700	2353	0.000896928690089
2700	2403	0.000448457382394
2700	2453	0.000447637304736
2700	2503	0.0
2700	2553	0.0
2800	3	0.00445047345422
2800	13	0.00443232506339
2800	23	0.00606759077789
2800	33	0.00591333388112
2800	43	0.00444512028319
2800	53	0.00428378964812
2800	103	0.00399231902721
2800	153	0.00415977712742
2800	203	0.0047731271957
2800	253	0.00352255645483
2800	303	0.00362883848216
2800	353	0.00364071368605
2800	403	0.00365675262433
2800	453	0.00492019953616
2800	503	0.00366109982599
2800	553	0.00319236537033
2800	603	0.00380239325033
2800	653	0.00364840229728
2800	703	0.00270812995724
2800	753	0.00492705560047
2800	803	0.00380918673768
2800	853	0.00206682461152
2800	903	0.00271505851542
2800	953	0.00349932907513
2800	1003	0.0046381450161
2800	1053	0.00222815004307
2800	1103	0.0043001836784
2800	1153	0.00207992458221
2800	1203	0.00239841773247
2800	1253	0.00255605616268
2800	1303	0.00335749428928
2800	1353	0.0023834441215
2800	1403	0.00206654011597
2800	1453	0.0012668344103
2800	1503	0.00302469949168
2800	1553	0.0018922406554
2800	1603	0.00175216832468
2800	1653	0.00271910087948
2800	1703	0.00206497678936
2800	1753	0.00158536361452
2800	1803	0.00174987542401
2800	1853	0.00159367711999
2800	1903	0.00289080901142
2800	1953	0.00207263831366
2800	2003	0.00175853532557
2800	2053	0.000795658221089
2800	2103	0.000480531822675
2800	2153	0.0017520474959
2800	2203	0.000637690847599
2800	2253	0.00111175766275
2800	2303	0.00111401744957
2800	2353	0.000317973017156
2800	2403	0.000476992358924
2800	2453	0.000476074735053
2800	2503	0.000316822639827
2800	2553	0.000318718930574
2800	2603	0.000317574075347
2800	2653	0.0
2900	3	0.0026936610608
2900	13	0.00268343103488
2900	23	0.00183077585015
2900	33	0.00262812479235
2900	43	0.00250485630927
2900	53	0.00250137290395
2900	103	0.00310603099352
2900	153	0.00209543178737
2900	203	0.00235949257923
2900	253	0.00282243099667
2900	303	0.00325250054718
2900	353	0.00249976402688
2900	403	0.00290716800377
2900	453	0.00256546885042
2900	503	0.00269449394196
2900	553	0.002570425138
2900	603	0.00236785081716
2900	653	0.0025649095207
2900	703	0.00249414921901
2900	753	0.0024990464462
2900	803	0.00222870012744
2900	853	0.00271698980358
2900	903	0.00223321285995
2900	953	0.00223614564493
2900	1003	0.00209264230301
2900	1053	0.0018840097917
2900	1103	0.00195765558833
2900	1153	0.00189190888624
2900	1203	0.0023670068868
2900	1253	0.00250962207258
2900	1303	0.00203689559647
2900	1353	0.00148672185012
2900	1403	0.00174987803064
2900	1453	0.00148733699588
2900	1503	0.00188923961045
2900	1553	0.00222476642101
2900	1603	0.00162292250566
2900	1653	0.00169592525746
2900	1703	0.00154093424679
2900	1753	0.00101358083192
2900	1803	0.0014775553475
2900	1853	0.000603379739911
2900	1903	0.00175234417251
2900	1953	0.000946780984135
2900	2003	0.00101123428421
2900	2053	0.00114283034286
2900	2103	0.000540166901982
2900	2153	0.000743190161148
2900	2203	0.000674055760548
2900	2253	0.00148395997936
2900	2303	0.000542208344376
2900	2353	0.000538991375262
2900	2403	0.000674952954676
2900	2453	0.00026865562914
2900	2503	0.000202560263091
2900	2553	6.7650546291e-05
2900	2603	6.75146628407e-05
2900	2653	0.0
2900	2703	0.0
2900	2753	0.0
3000	3	0.00231729182189
3000	13	0.00331129802147
3000	23	0.00228426580397
3000	33	0.00162607354479
3000	43	0.0016410887345
3000	53	0.00131483670953
3000	103	0.00130723782837
3000	153	0.000655570700861
3000	203	0.00162905456133
3000	253	0.00162042549496
3000	303	0.00130643703509
3000	353	0.00199084139403
3000	403	0.00196550373036
3000	453	0.00133386847748
3000	503	0.000654823054654
3000	553	0.00164833671937
3000	603	0.00164746358259
3000	653	0.00262689706141
3000	703	0.00131785451978
3000	753	0.00298334452438
3000	803	0.000661555260126
3000	853	0.00130999087399
3000	903	0.00195691549419
3000	953	0.0
3000	1003	0.00162692414996
3000	1053	0.00161593522688
3000	1103	0.000329289218281
3000	1153	0.00097504937734
3000	1203	0.000654191761613
3000	1253	0.0023317697251
3000	1303	0.00067143366016
3000	1353	0.000327699007815
3000	1403	0.000673615016695
3000	1453	0.00065962601626
3000	1503	0.00162127019983
3000	1553	0.00099834971021
3000	1603	0.000325924722732
3000	1653	0.000995332207307
3000	1703	0.00132205596883
3000	1753	0.000331571073205
3000	1803	0.00065660872625
3000	1853	0.00100344972217
3000	1903	0.0
3000	1953	0.000662024656319
3000	2003	0.000990139016625
3000	2053	0.000987954822201
3000	2103	0.000657592106422
3000	2153	0.000327986993585
3000	2203	0.000324197706741
3000	2253	0.0
3000	2303	0.0
3000	2353	0.0
3000	2403	0.0
3000	2453	0.000332812912431
3000	2503	0.0
3000	2553	0.0
3000	2603	0.0
3000	2653	0.0
3000	2703	0.0
3000	2753	0.000330250774268
3000	2803	0.0
3000	2853	0.0
