1000	3	11.5478099335
1000	13	4.82584713445
1000	23	15.300233174
1000	33	8.50992852614
1000	43	4.8540096989
1000	53	13.0679058446
1000	103	22.482039429
1000	153	67.9040435842
1000	203	49.030414568
1000	253	77.00825403
1000	303	86.7548506015
1000	353	85.2103406814
1000	403	84.302553664
1000	453	40.9584281196
1000	503	45.0154901588
1000	553	34.096709007
1100	3	4.53891621414
1100	13	2.65341772853
1100	23	6.93760504088
1100	33	6.22025548258
1100	43	2.69469659887
1100	53	11.4600491441
1100	103	24.3497352653
1100	153	51.6903084266
1100	203	61.6532950775
1100	253	56.480583462
1100	303	66.4560960792
1100	353	59.7485698561
1100	403	63.7593506031
1100	453	53.0823111387
1100	503	47.947464961
1100	553	37.7098397165
1100	603	30.9522531505
1100	653	27.3435551749
1200	3	2.9494408774
1200	13	3.9609669988
1200	23	1.51663917701
1200	33	6.87388362876
1200	43	3.37097346327
1200	53	4.61425504397
1200	103	15.9952566689
1200	153	29.9477546665
1200	203	50.910700056
1200	253	57.5458260797
1200	303	53.0333266021
1200	353	65.7284819455
1200	403	51.2960942296
1200	453	49.5533626084
1200	503	47.058590071
1200	553	36.1453008386
1200	603	33.9935096246
1200	653	26.234852933
1200	703	18.6551168231
1200	753	15.3434770455
1300	3	1.4694823981
1300	13	0.88055441126
1300	23	1.97518123315
1300	33	1.12247025682
1300	43	1.1532872478
1300	53	2.78032138308
1300	103	7.98105789533
1300	153	21.6485363316
1300	203	30.9693980295
1300	253	34.7408217385
1300	303	40.1271279716
1300	353	38.5679595701
1300	403	38.9053456962
1300	453	36.2531927345
1300	503	35.8738753233
1300	553	37.0802462025
1300	603	30.9180736607
1300	653	28.9733422893
1300	703	23.4225190237
1300	753	15.8196579391
1300	803	15.9346231813
1300	853	8.0134491848
1400	3	0.503111401703
1400	13	0.690151424074
1400	23	0.694445116507
1400	33	0.333403949333
1400	43	2.04776966197
1400	53	0.877815804037
1400	103	6.09852715867
1400	153	14.0304309072
1400	203	20.7045427222
1400	253	26.0074543147
1400	303	24.2079489412
1400	353	29.2526354103
1400	403	30.5111482806
1400	453	31.4962155374
1400	503	30.5550162438
1400	553	28.5569690316
1400	603	27.3364847888
1400	653	26.1146525331
1400	703	21.5496008221
1400	753	16.5826210059
1400	803	16.7080691826
1400	853	11.3946792113
1400	903	6.97159749952
1400	953	5.74157516453
1500	3	0.204546274754
1500	13	0.51584416142
1500	23	0.416706433155
1500	33	0.62641741246
1500	43	0.746782473586
1500	53	0.940852357752
1500	103	4.03721902821
1500	153	8.1050455312
1500	203	14.3002369968
1500	253	17.1007785942
1500	303	18.6379174177
1500	353	23.040040093
1500	403	20.6886938252
1500	453	22.7241216437
1500	503	22.7018307069
1500	553	23.0330182521
1500	603	23.5969759975
1500	653	17.6573314953
1500	703	19.3802096774
1500	753	17.9561297725
1500	803	15.8232399168
1500	853	14.0698594856
1500	903	9.29805213888
1500	953	7.84066369885
1500	1003	5.1472455449
1500	1053	5.37890999764
1600	3	0.445675690607
1600	13	0.189943409866
1600	23	0.255287958726
1600	33	0.320042827492
1600	43	0.517041383789
1600	53	0.631792763158
1600	103	2.33171243956
1600	153	6.07733877514
1600	203	8.25457209047
1600	253	12.0314620847
1600	303	12.4218264338
1600	353	14.9188171521
1600	403	14.5936420018
1600	453	15.6721524245
1600	503	14.9530247417
1600	553	14.3474916864
1600	603	15.2596697802
1600	653	16.1248416636
1600	703	14.4859656433
1600	753	14.5669616152
1600	803	12.3181835346
1600	853	12.3165669776
1600	903	9.33933381999
1600	953	8.1689690658
1600	1003	6.94491089966
1600	1053	4.87465034985
1600	1103	3.43658338565
1600	1153	3.691770618
1700	3	0.0803969670736
1700	13	0.0
1700	23	0.0
1700	33	0.200203532455
1700	43	0.202084308782
1700	53	0.203815498713
1700	103	1.12909660418
1700	153	3.96859477341
1700	203	4.20007605566
1700	253	6.84907641216
1700	303	9.03628451492
1700	353	9.33552332288
1700	403	8.93206244584
1700	453	8.96112462493
1700	503	10.2028005608
1700	553	10.9257518937
1700	603	11.1472922419
1700	653	10.4332302283
1700	703	10.9821794195
1700	753	9.39790998343
1700	803	10.8743660834
1700	853	9.44790435357
1700	903	8.95024693871
1700	953	7.89894547196
1700	1003	7.1775306256
1700	1053	5.16220281521
1700	1103	4.67517071217
1700	1153	2.74015809961
1700	1203	2.3325565046
1700	1253	1.66065785147
1800	3	0.0985369906602
1800	13	0.100298215624
1800	23	0.0249139153754
1800	33	0.0995933414728
1800	43	0.124462026259
1800	53	0.150204077967
1800	103	0.742000591628
1800	153	2.31521000383
1800	203	3.44803839809
1800	253	4.29638142317
1800	303	5.01738276897
1800	353	5.46019405667
1800	403	6.14352780766
1800	453	6.93041941707
1800	503	6.29612944867
1800	553	6.6161107814
1800	603	5.98331511314
1800	653	8.51815564238
1800	703	7.96088785669
1800	753	7.71103712878
1800	803	7.7223737889
1800	853	8.19442221884
1800	903	7.58491986695
1800	953	6.34221399214
1800	1003	5.83069104906
1800	1053	4.8567663092
1800	1103	3.9582822287
1800	1153	3.70209157811
1800	1203	2.6932800316
1800	1253	2.00274991128
1800	1303	1.69333893257
1800	1353	0.734120664785
1900	3	0.0630820753017
1900	13	0.0635457036567
1900	23	0.0
1900	33	0.0329839492606
1900	43	0.128392300171
1900	53	0.112767069468
1900	103	0.517968961479
1900	153	1.53549285026
1900	203	2.3711653063
1900	253	3.36648701815
1900	303	3.66535069627
1900	353	3.99752163352
1900	403	3.79964119721
1900	453	4.02498691288
1900	503	4.62292307138
1900	553	3.99764934959
1900	603	4.88938533214
1900	653	4.59114299179
1900	703	4.64204433746
1900	753	5.11107907279
1900	803	4.97054896807
1900	853	5.3260185738
1900	903	4.73725423684
1900	953	4.79964370079
1900	1003	5.19299949361
1900	1053	4.60183296056
1900	1103	4.18728898012
1900	1153	3.70458663586
1900	1203	2.89484145744
1900	1253	2.10837517898
1900	1303	1.71978268246
1900	1353	1.14959445542
1900	1403	0.957974852001
1900	1453	0.75197265569
2000	3	0.0307976028456
2000	13	0.0306176660517
2000	23	0.0202122651564
2000	33	0.0207124001498
2000	43	0.0414196306003
2000	53	0.041387349191
2000	103	0.360621585123
2000	153	1.01128480194
2000	203	1.77412518258
2000	253	2.00190610597
2000	303	2.50327787261
2000	353	2.5090840996
2000	403	2.67223378233
2000	453	2.57450975829
2000	503	3.01004530048
2000	553	2.96784396787
2000	603	2.71612122443
2000	653	3.13901836654
2000	703	3.25656387337
2000	753	3.56022472172
2000	803	3.65782322552
2000	853	3.57339285825
2000	903	3.50472572178
2000	953	3.58728383053
2000	1003	3.36887182026
2000	1053	3.49566920792
2000	1103	3.03368727339
2000	1153	2.92919299352
2000	1203	2.55757036266
2000	1253	2.20235225674
2000	1303	2.14012185808
2000	1353	1.63820148698
2000	1403	0.958693437991
2000	1453	0.855867893332
2000	1503	0.551525018463
2000	1553	0.325050322618
2100	3	0.00648189843438
2100	13	0.00655835304369
2100	23	0.00667637181599
2100	33	0.0266649373656
2100	43	0.0329064647095
2100	53	0.0195969931804
2100	103	0.186477593073
2100	153	0.560584349368
2100	203	0.880806687565
2100	253	1.34576072397
2100	303	1.50997196174
2100	353	1.70055057313
2100	403	1.87918148706
2100	453	1.87409462007
2100	503	1.85403424267
2100	553	1.84486533017
2100	603	1.91569300697
2100	653	2.0377561258
2100	703	2.2023513304
2100	753	2.39192267284
2100	803	2.05416341743
2100	853	2.40050035099
2100	903	2.20796608009
2100	953	2.19601523046
2100	1003	2.26496079772
2100	1053	2.26715801063
2100	1103	2.29227009122
2100	1153	2.41377440239
2100	1203	2.20863167787
2100	1253	1.84441568969
2100	1303	1.89974345009
2100	1353	1.56756508802
2100	1403	1.05356560702
2100	1453	1.0503171142
2100	1503	0.681009011248
2100	1553	0.623173042069
2100	1603	0.450716871764
2100	1653	0.219309141699
2200	3	0.0
2200	13	0.0129149006305
2200	23	0.0
2200	33	0.00421975343497
2200	43	0.0344320215012
2200	53	0.0129132475761
2200	103	0.0964732740878
2200	153	0.399350225816
2200	203	0.711321171041
2200	253	0.967932017268
2200	303	1.04434942246
2200	353	1.02791810555
2200	403	1.22164193446
2200	453	1.16635948733
2200	503	1.17485996655
2200	553	1.16125727255
2200	603	1.20580168809
2200	653	1.28035502677
2200	703	1.32972288646
2200	753	1.39249234472
2200	803	1.35107865829
2200	853	1.41131180476
2200	903	1.55234860583
2200	953	1.44614816923
2200	1003	1.58230693472
2200	1053	1.52889364521
2200	1103	1.55222388031
2200	1153	1.59443828435
2200	1203	1.61119090214
2200	1253	1.57350623863
2200	1303	1.43249079725
2200	1353	1.25721154404
2200	1403	1.03154834322
2200	1453	0.972201248358
2200	1503	0.739387840757
2200	1553	0.619473215503
2200	1603	0.467541968312
2200	1653	0.291332399146
2200	1703	0.233469424356
2200	1753	0.225188265472
2300	3	0.0
2300	13	0.00274644871467
2300	23	0.00281697209196
2300	33	0.0110394460866
2300	43	0.00824567355689
2300	53	0.00563283583068
2300	103	0.0245446032956
2300	153	0.259998195055
2300	203	0.454196865006
2300	253	0.639271707795
2300	303	0.678990660135
2300	353	0.770543748891
2300	403	0.772147545351
2300	453	0.777993350154
2300	503	0.796872533473
2300	553	0.824580148357
2300	603	0.84088263488
2300	653	0.906966049146
2300	703	0.873501258421
2300	753	0.825915425063
2300	803	1.026886102
2300	853	0.923545514522
2300	903	0.89085832243
2300	953	1.03082984593
2300	1003	0.949101718361
2300	1053	1.07022371712
2300	1103	1.087210247
2300	1153	1.02338253147
2300	1203	1.18129136854
2300	1253	1.05252175114
2300	1303	1.02098038879
2300	1353	0.916920897117
2300	1403	0.980912567612
2300	1453	0.821841118856
2300	1503	0.756182338606
2300	1553	0.612999370702
2300	1603	0.493877115025
2300	1653	0.349702921881
2300	1703	0.320756134168
2300	1753	0.183868980109
2300	1803	0.185500031563
2300	1853	0.108737062636
2400	3	0.00178706526685
2400	13	0.0
2400	23	0.00541025847081
2400	33	0.00180584805886
2400	43	0.0090280541872
2400	53	0.00716759769253
2400	103	0.0322017147691
2400	153	0.13608672156
2400	203	0.303970284285
2400	253	0.456405771912
2400	303	0.484030871821
2400	353	0.572698249066
2400	403	0.531449340949
2400	453	0.540463364237
2400	503	0.54681615103
2400	553	0.52210250306
2400	603	0.553559594621
2400	653	0.544471953699
2400	703	0.566137282721
2400	753	0.560209789247
2400	803	0.564035945156
2400	853	0.558409077104
2400	903	0.599137486379
2400	953	0.625130408926
2400	1003	0.731646905807
2400	1053	0.656433631266
2400	1103	0.639226774021
2400	1153	0.648420077615
2400	1203	0.642724498183
2400	1253	0.742518330857
2400	1303	0.677450548748
2400	1353	0.648757496568
2400	1403	0.598110449975
2400	1453	0.579009962179
2400	1503	0.598600794356
2400	1553	0.565687774176
2400	1603	0.512966512279
2400	1653	0.424175956094
2400	1703	0.335124898131
2400	1753	0.244738389425
2400	1803	0.195958411986
2400	1853	0.161613315697
2400	1903	0.118144575027
2400	1953	0.0455563749353
2500	3	0.00115854423513
2500	13	0.00350792447822
2500	23	0.00119237463626
2500	33	0.00472869804421
2500	43	0.00120386171085
2500	53	0.00481725709989
2500	103	0.0227854129658
2500	153	0.089866757634
2500	203	0.210180361951
2500	253	0.250760054789
2500	303	0.304141224896
2500	353	0.313417515046
2500	403	0.326532110388
2500	453	0.350349735968
2500	503	0.352121713151
2500	553	0.313383906986
2500	603	0.348399106492
2500	653	0.380328031083
2500	703	0.371141820146
2500	753	0.343065829165
2500	803	0.38055550756
2500	853	0.407687800864
2500	903	0.39318084507
2500	953	0.421484859288
2500	1003	0.405490993517
2500	1053	0.388578549317
2500	1103	0.455775227103
2500	1153	0.444481152809
2500	1203	0.413922807988
2500	1253	0.496815606597
2500	1303	0.424557157401
2500	1353	0.419686030595
2500	1403	0.468064548364
2500	1453	0.415840054568
2500	1503	0.411144123489
2500	1553	0.447810660729
2500	1603	0.360258874782
2500	1653	0.355607866435
2500	1703	0.337292116314
2500	1753	0.29333932674
2500	1803	0.211677182253
2500	1853	0.162388189514
2500	1903	0.117074551495
2500	1953	0.0868493963538
2500	2003	0.0726776678561
2500	2053	0.0409802366265
2600	3	0.0
2600	13	0.00155735002069
2600	23	0.000779804226227
2600	33	0.000763925382222
2600	43	0.0
2600	53	0.00463275692307
2600	103	0.0165548008656
2600	153	0.0578633472976
2600	203	0.119994844282
2600	253	0.16931594535
2600	303	0.200412331175
2600	353	0.210918553492
2600	403	0.249072952854
2600	453	0.213517959743
2600	503	0.253253350159
2600	553	0.22874023677
2600	603	0.215047273203
2600	653	0.22783953047
2600	703	0.264909420722
2600	753	0.222855145985
2600	803	0.251221009484
2600	853	0.238051906544
2600	903	0.23116679817
2600	953	0.230084482901
2600	1003	0.256652782513
2600	1053	0.272786291047
2600	1103	0.260853786905
2600	1153	0.295161534384
2600	1203	0.297136665986
2600	1253	0.28915655559
2600	1303	0.297616854872
2600	1353	0.286465445982
2600	1403	0.324602409537
2600	1453	0.303266362455
2600	1503	0.297569584407
2600	1553	0.297345261982
2600	1603	0.289096015254
2600	1653	0.286765630499
2600	1703	0.246534347413
2600	1753	0.242632818243
2600	1803	0.215942539023
2600	1853	0.183272474195
2600	1903	0.139299931352
2600	1953	0.0986570230112
2600	2003	0.0745622997856
2600	2053	0.0536216904656
2600	2103	0.0374499989636
2600	2153	0.019842074385
2700	3	0.00149452278293
2700	13	0.0
2700	23	0.000503137780874
2700	33	0.000496137753349
2700	43	0.00148215065166
2700	53	0.00248470047827
2700	103	0.00983050906356
2700	153	0.0425543939446
2700	203	0.0844887095435
2700	253	0.1102447832
2700	303	0.127634554864
2700	353	0.145158825381
2700	403	0.153566070252
2700	453	0.155152079331
2700	503	0.142298867465
2700	553	0.152115145204
2700	603	0.156659576108
2700	653	0.163008690745
2700	703	0.144767512181
2700	753	0.161528743421
2700	803	0.139190696949
2700	853	0.155653139576
2700	903	0.165265529812
2700	953	0.164703261818
2700	1003	0.174174003201
2700	1053	0.159958943907
2700	1103	0.171128701756
2700	1153	0.160880291878
2700	1203	0.185872203425
2700	1253	0.174556269564
2700	1303	0.177994700547
2700	1353	0.199334759529
2700	1403	0.196596238786
2700	1453	0.188791764706
2700	1503	0.203197956129
2700	1553	0.188342041661
2700	1603	0.188528415995
2700	1653	0.20163000105
2700	1703	0.191520819542
2700	1753	0.174613249413
2700	1803	0.152016420254
2700	1853	0.146122607702
2700	1903	0.126122764427
2700	1953	0.1261962564
2700	2003	0.0886199105306
2700	2053	0.0696927987971
2700	2103	0.0480754127271
2700	2153	0.0399579249923
2700	2203	0.0276206178935
2700	2253	0.0137117345486
2800	3	0.000327398738439
2800	13	0.000318889444981
2800	23	0.000326369400876
2800	33	0.000328656575718
2800	43	0.000323251985585
2800	53	0.000314857546945
2800	103	0.00721914508968
2800	153	0.0254540815721
2800	203	0.0563925185421
2800	253	0.0740138958551
2800	303	0.0865498158334
2800	353	0.0912036680358
2800	403	0.104722651134
2800	453	0.102272823525
2800	503	0.0940202732996
2800	553	0.108869583752
2800	603	0.0956303570175
2800	653	0.103550597526
2800	703	0.0891092968335
2800	753	0.106041492109
2800	803	0.107717123022
2800	853	0.0947762181436
2800	903	0.107402251782
2800	953	0.110697884106
2800	1003	0.120118481196
2800	1053	0.111952015569
2800	1103	0.104843831789
2800	1153	0.108700187051
2800	1203	0.113273187554
2800	1253	0.125826797009
2800	1303	0.122624176714
2800	1353	0.105398934933
2800	1403	0.126026901903
2800	1453	0.117494085017
2800	1503	0.116220305352
2800	1553	0.129392179359
2800	1603	0.123542577077
2800	1653	0.1221700495
2800	1703	0.126835301253
2800	1753	0.119037198534
2800	1803	0.128160641707
2800	1853	0.10117853525
2800	1903	0.105978447227
2800	1953	0.0983936017055
2800	2003	0.0896275947904
2800	2053	0.071283520117
2800	2103	0.0586963067121
2800	2153	0.0455739208944
2800	2203	0.034535895666
2800	2253	0.0280205353957
2800	2303	0.0105711617263
2800	2353	0.0139553306585
2900	3	0.0
2900	13	0.000430505726937
2900	23	0.00043486600377
2900	33	0.000212823003727
2900	43	0.000846910229645
2900	53	0.000848284241266
2900	103	0.0033239895458
2900	153	0.0100407652916
2900	203	0.0331508359732
2900	253	0.0404069139141
2900	303	0.0555229303181
2900	353	0.0680200158356
2900	403	0.0722001698423
2900	453	0.0705067446706
2900	503	0.0671926112573
2900	553	0.0736317323392
2900	603	0.0702233703023
2900	653	0.0641002363511
2900	703	0.0660995139647
2900	753	0.0676981265985
2900	803	0.0622467854305
2900	853	0.0654349533892
2900	903	0.0660204412332
2900	953	0.0676924101617
2900	1003	0.0783826940017
2900	1053	0.0650650471262
2900	1103	0.0698250912688
2900	1153	0.0721301655426
2900	1203	0.0694341036626
2900	1253	0.0697529167412
2900	1303	0.0719191109458
2900	1353	0.0700637164444
2900	1403	0.0731057170012
2900	1453	0.0769702615257
2900	1503	0.0753941129927
2900	1553	0.0845905446702
2900	1603	0.0775884659517
2900	1653	0.0816077961422
2900	1703	0.0764578724468
2900	1753	0.0772338390838
2900	1803	0.0714661635514
2900	1853	0.0814943516961
2900	1903	0.07435622833
2900	1953	0.0710293938789
2900	2003	0.0629667416965
2900	2053	0.0624762597635
2900	2103	0.0490219350664
2900	2153	0.0445335897436
2900	2203	0.032547788326
2900	2253	0.02938298832
2900	2303	0.0196864112207
2900	2353	0.015598095168
2900	2403	0.00606910146939
2900	2453	0.00573395139954
3000	3	0.0
3000	13	0.000273990676504
3000	23	0.0
3000	33	0.0
3000	43	0.000283944309191
3000	53	0.000272729292264
3000	103	0.00127117302452
3000	153	0.0114920005865
3000	203	0.0186142842892
3000	253	0.0311071789198
3000	303	0.036530591529
3000	353	0.04210316505
3000	403	0.0411660627699
3000	453	0.0481587102137
3000	503	0.0475108466449
3000	553	0.0429632520326
3000	603	0.046053835644
3000	653	0.040600363514
3000	703	0.043206092395
3000	753	0.0435812382298
3000	803	0.0439590479525
3000	853	0.0417997909356
3000	903	0.0410097359109
3000	953	0.0436551453287
3000	1003	0.0415560847804
3000	1053	0.0419717808707
3000	1103	0.047713320549
3000	1153	0.042958002704
3000	1203	0.0451862278796
3000	1253	0.0470568775495
3000	1303	0.0438390446358
3000	1353	0.0444054303249
3000	1403	0.0455888765725
3000	1453	0.0455276548869
3000	1503	0.0499244526625
3000	1553	0.0505795224276
3000	1603	0.0487837781196
3000	1653	0.0508819544088
3000	1703	0.0515071792295
3000	1753	0.0513221637822
3000	1803	0.0516154664053
3000	1853	0.0523558131002
3000	1903	0.051358795202
3000	1953	0.0452185405445
3000	2003	0.0463359676249
3000	2053	0.048464298078
3000	2103	0.0371637281879
3000	2153	0.0413908239874
3000	2203	0.0326621949307
3000	2253	0.0270049175806
3000	2303	0.0211096799501
3000	2353	0.016091063419
3000	2403	0.0115387622737
3000	2453	0.00902050111693
3000	2503	0.00775634768659
3000	2553	0.00463489988537
