1000	3	1.55741185158
1000	13	0.782461509924
1000	23	3.12599415089
1000	33	3.8702584738
1000	43	3.13699503333
1000	53	6.26342653356
1000	103	27.3282187905
1000	153	52.0408583341
1000	203	75.0397479848
1000	253	70.2865020696
1000	303	80.8076693148
1000	353	97.9959577321
1000	403	76.4886736096
1000	453	60.1395744062
1000	503	48.2333390418
1000	553	37.2893788313
1000	603	20.1779748998
1000	653	19.453283527
1000	703	9.30178773003
1000	753	10.1545090207
1000	803	3.1278153675
1000	853	3.10430383074
1100	903	3.07689125617
1100	953	1.40032892717
1100	3	0.279504359396
1100	13	0.560992690983
1100	23	2.23670058318
1100	33	2.23224399196
1100	43	5.59077235559
1100	53	3.62135193376
1100	103	18.1491950364
1100	153	39.3419251271
1100	203	56.4675167703
1100	253	67.3249058961
1100	303	71.4499152979
1100	353	64.8910763512
1100	403	50.0628336428
1100	453	59.3603527943
1100	503	54.7119716044
1100	553	36.7295333685
1100	603	33.384175445
1100	653	24.8623942676
1100	703	15.3018803642
1100	753	11.7205100596
1100	803	10.0259100385
1100	853	5.87133903084
1200	903	5.38720571083
1200	953	3.89139487052
1200	1003	1.84572111455
1200	1053	1.11865989402
1200	3	0.557488723371
1200	13	0.92812301641
1200	23	1.48088245061
1200	33	0.745111315317
1200	43	0.742985484912
1200	53	2.4100352303
1200	103	13.7141013547
1200	153	33.790681303
1200	203	49.5354810092
1200	253	52.3496904191
1200	303	51.8427210263
1200	353	46.3974604397
1200	403	43.8729636586
1200	453	40.0949143089
1200	503	34.6890600433
1200	553	36.2889350804
1200	603	30.9131003746
1200	653	28.7490777421
1200	703	19.6915758232
1200	753	13.3580214454
1200	803	7.046695635
1200	853	7.98892403349
1300	903	6.27559891152
1300	953	5.72897930316
1300	1003	4.34359916825
1300	1053	1.65713579327
1300	1103	1.65112536053
1300	1153	0.383593086001
1300	3	0.128730662585
1300	13	0.0
1300	23	0.382815461533
1300	33	0.254167162109
1300	43	0.639329777423
1300	53	1.14830357143
1300	103	6.76273672429
1300	153	20.2073539091
1300	203	30.7784889033
1300	253	35.4157801343
1300	303	32.3051556799
1300	353	33.0246806766
1300	403	31.4336397802
1300	453	26.1074300254
1300	503	26.6403664734
1300	553	24.638650773
1300	603	23.0664110494
1300	653	20.0235498707
1300	703	21.9129302788
1300	753	15.6187218008
1300	803	13.4700253898
1300	853	8.04903507789
1400	903	8.46302044637
1400	953	5.56728355452
1400	1003	4.06185081011
1400	1053	2.93809041013
1400	1103	1.52826887446
1400	1153	1.52160648575
1400	3	0.234692598217
1400	1203	0.703584685421
1400	1253	0.4683776092
1400	13	0.0582057224524
1400	23	0.292403706219
1400	33	0.350602115304
1400	43	0.762001789309
1400	53	0.82445766653
1400	103	4.28280640452
1400	153	15.5656575844
1400	203	20.5481352075
1400	253	22.9104258773
1400	303	20.9320436512
1400	353	21.7474161707
1400	403	19.712643177
1400	453	18.2118943574
1400	503	19.4745569201
1400	553	15.5746121745
1400	603	17.2389986089
1400	653	14.7574142606
1400	703	12.7916182039
1400	753	11.0508828491
1400	803	11.6042935623
1400	853	9.11296648524
1500	903	7.55615249133
1500	953	6.23985978695
1500	1003	3.81874213897
1500	1053	3.30955862669
1500	1103	2.48487063419
1500	1153	1.53347552082
1500	3	0.131193596914
1500	1203	1.2176782444
1500	1253	0.654800244623
1500	13	0.0
1500	1303	0.174330504171
1500	1353	0.0869099128422
1500	23	0.0878064696855
1500	33	0.260827211114
1500	43	0.218076601975
1500	53	0.348893013127
1500	103	2.26843581179
1500	153	8.12882065722
1500	203	11.0977368161
1500	253	13.9345309251
1500	303	13.2053718307
1500	353	12.1884731081
1500	403	13.0675434166
1500	453	11.500049698
1500	503	11.8716983654
1500	553	11.5565217944
1500	603	11.5025612351
1500	653	9.14428070981
1500	703	9.05686305044
1500	753	9.37291762047
1500	803	8.8920383076
1500	853	7.98974036018
1600	903	5.33176808561
1600	953	4.5328547956
1600	1003	4.20511689029
1600	1053	3.13490042033
1600	1103	3.00765098863
1600	1153	2.27588041262
1600	3	0.0864212901443
1600	1203	1.23102813771
1600	1253	0.980951297931
1600	13	0.0
1600	1303	0.579427596062
1600	1353	0.260260301654
1600	23	0.0288446672288
1600	1403	0.201109905394
1600	1453	0.057392948886
1600	33	0.174019392526
1600	43	0.287428095094
1600	53	0.144411679352
1600	103	1.58287007098
1600	153	5.11803411687
1600	203	7.38932709581
1600	253	9.05402524672
1600	303	8.45360269734
1600	353	7.89706564762
1600	403	7.59717719423
1600	453	8.55524955748
1600	503	7.58464869671
1600	553	6.83784527636
1600	603	7.29480329993
1600	653	6.40208234442
1600	703	6.25914314452
1600	753	6.23833767741
1600	803	5.66901409493
1600	853	5.76073721322
1700	903	3.59147854564
1700	953	3.78260955056
1700	1003	3.26650124934
1700	1053	3.2019054525
1700	1103	2.60513050317
1700	1153	2.22964736172
1700	3	0.0246835120521
1700	1203	1.98995364238
1700	1253	0.909937413252
1700	13	0.0490353579492
1700	1303	0.958668011391
1700	1353	0.544234371268
1700	23	0.0
1700	1403	0.469279195173
1700	1453	0.220554704277
1700	33	0.0978658042479
1700	1503	0.147205239856
1700	1553	0.146609580838
1700	43	0.0982818669489
1700	53	0.0491777229983
1700	103	1.27543018469
1700	153	2.83996589277
1700	203	4.12746185985
1700	253	4.31951563753
1700	303	5.44039685935
1700	353	4.95627094
1700	403	4.65725667583
1700	453	4.64466568728
1700	503	4.25092343485
1700	553	4.82102956784
1700	603	4.19808504314
1700	653	4.16388109048
1700	703	4.00184628708
1700	753	3.79093738045
1700	803	3.82190492131
1700	853	3.20784439555
1800	903	2.39940204396
1800	953	2.07213449591
1800	1003	2.14802337057
1800	1053	2.03904067558
1800	1103	1.92266315286
1800	1153	2.07570042204
1800	3	0.00948767673558
1800	1203	1.5569153316
1800	1253	1.48782630428
1800	13	0.0
1800	1303	1.05398127307
1800	1353	0.788739137353
1800	23	0.0476535997629
1800	1403	0.598749565217
1800	1453	0.378694898941
1800	33	0.0284930991787
1800	1503	0.256373823179
1800	1553	0.10404449246
1800	43	0.0756105578477
1800	1603	0.0189358170083
1800	1653	0.0190059783597
1800	53	0.0662746090521
1800	103	0.594123539364
1800	153	1.7172672407
1800	203	2.64412142954
1800	253	2.96288499553
1800	303	2.66397729019
1800	353	2.94395217585
1800	403	2.9596182263
1800	453	3.13057527683
1800	503	2.65939817309
1800	553	2.66097081528
1800	603	2.45926127879
1800	653	2.56801324886
1800	703	2.52194772531
1800	753	2.57288379567
1800	803	2.46927866163
1800	853	2.19287969432
1900	903	1.60121187422
1900	953	1.28584951619
1900	1003	1.4464605823
1900	1053	1.40723783082
1900	1103	1.31971703058
1900	1153	1.55472291171
1900	3	0.0110749762793
1900	1203	1.47418409091
1900	1253	1.25499871903
1900	13	0.00555394139977
1900	1303	1.02210777848
1900	1353	0.87503135863
1900	23	0.0
1900	1403	0.754839950279
1900	1453	0.58589897083
1900	33	0.0110931034119
1900	1503	0.331745657803
1900	1553	0.210163102809
1900	43	0.0220044993245
1900	1603	0.0995184594171
1900	1653	0.0775706301821
1900	53	0.0166199987343
1900	1703	0.0278651709832
1900	1753	0.0165684467857
1900	103	0.457172721267
1900	153	0.899576803045
1900	203	1.53998994083
1900	253	1.71309954865
1900	303	1.51046033771
1900	353	1.4717752949
1900	403	1.71111991418
1900	453	1.58463153231
1900	503	1.62277486319
1900	553	1.57559893647
1900	603	1.49422388343
1900	653	1.52387466091
1900	703	1.51923753905
1900	753	1.25746053892
1900	803	1.47581765498
1900	853	1.48089312826
2000	903	0.96658570136
2000	953	0.988095268085
2000	1003	0.866370109122
2000	1053	0.887446366093
2000	1103	0.956376142687
2000	1153	0.869504399579
2000	3	0.0
2000	1203	0.826907999604
2000	1253	0.729388947965
2000	13	0.0
2000	1303	0.797927868269
2000	1353	0.823200188503
2000	23	0.0
2000	1403	0.604124287197
2000	1453	0.567078362846
2000	33	0.00471148004088
2000	1503	0.361291489362
2000	1553	0.245792497436
2000	43	0.0281350824397
2000	1603	0.183914812447
2000	1653	0.126341903057
2000	53	0.0141106032907
2000	1703	0.0800009003644
2000	1753	0.0331398402396
2000	1803	0.0282684789552
2000	1853	0.0142102885768
2000	103	0.207862814035
2000	153	0.517133762651
2000	203	0.816599567997
2000	253	0.953817213358
2000	303	0.810719828443
2000	353	0.984686149021
2000	403	0.9370125626
2000	453	0.936555774082
2000	503	0.921566243554
2000	553	0.932039499624
2000	603	0.963596389979
2000	653	0.990690588887
2000	703	0.920070832504
2000	753	0.93398676805
2000	803	0.877805690641
2000	853	0.8257523593
2100	903	0.569257071901
2100	953	0.552343883101
2100	1003	0.609234994579
2100	1053	0.583901356931
2100	1103	0.658051687994
2100	1153	0.519917595974
2100	3	0.00459568853657
2100	1203	0.579115002418
2100	1253	0.587976267329
2100	13	0.0
2100	1303	0.57784265379
2100	1353	0.503422212482
2100	23	0.0
2100	1403	0.488515304329
2100	1453	0.417110536388
2100	33	0.011466340922
2100	1503	0.489057427477
2100	1553	0.324817746537
2100	43	0.00693854950941
2100	1603	0.241108017696
2100	1653	0.184289727697
2100	53	0.0138606695753
2100	1703	0.140410405129
2100	1753	0.0783179974859
2100	1803	0.0598281065735
2100	1853	0.0347962418678
2100	1903	0.00463521286307
2100	1953	0.00920814489524
2100	103	0.124572595212
2100	153	0.302933456968
2100	203	0.533366820792
2100	253	0.524325854468
2100	303	0.602292082786
2100	353	0.575034980439
2100	403	0.541605658603
2100	453	0.6204609853
2100	503	0.540566113438
2100	553	0.557076237721
2100	603	0.535118767991
2100	653	0.560928615425
2100	703	0.558114471619
2100	753	0.517374251956
2100	803	0.585664069851
2100	853	0.5187571799
2200	903	0.330355668149
2200	953	0.32609092011
2200	1003	0.411616715887
2200	1053	0.362498899618
2200	1103	0.356699992897
2200	1153	0.355520028207
2200	3	0.0
2200	1203	0.326803978384
2200	1253	0.392155384341
2200	13	0.00319226598004
2200	1303	0.360307079111
2200	1353	0.360194131718
2200	23	0.00160309494584
2200	1403	0.3561616392
2200	1453	0.306034308073
2200	33	0.00160034858129
2200	1503	0.339191506061
2200	1553	0.295726735273
2200	43	0.00478170389241
2200	1603	0.23030771755
2200	1653	0.275210843345
2200	53	0.00799432446246
2200	1703	0.189512575325
2200	1753	0.0992534940734
2200	1803	0.0737924940969
2200	1853	0.0554625565451
2200	1903	0.0207938940284
2200	1953	0.022234526972
2200	2003	0.0031858019136
2200	2053	0.0048095141049
2200	103	0.0636512172617
2200	153	0.184995575473
2200	203	0.288417532991
2200	253	0.297035814942
2200	303	0.315403755103
2200	353	0.394713200756
2200	403	0.327484088549
2200	453	0.35527844173
2200	503	0.308042701709
2200	553	0.328811199051
2200	603	0.321375663243
2200	653	0.33634530344
2200	703	0.329048616806
2200	753	0.319548888255
2200	803	0.336696168401
2200	853	0.294621868825
2300	903	0.191329605749
2300	953	0.204862480938
2300	1003	0.212913366422
2300	1053	0.234233121687
2300	1103	0.21469190798
2300	1153	0.201342935834
2300	3	0.00100537143459
2300	1203	0.213696502535
2300	1253	0.231506284366
2300	13	0.0010053596676
2300	1303	0.193511475941
2300	1353	0.259522518444
2300	23	0.00100452491492
2300	1403	0.220858592399
2300	1453	0.236939122556
2300	33	0.00201373616842
2300	1503	0.222666618146
2300	1553	0.216598505231
2300	43	0.00302766663142
2300	1603	0.200167313489
2300	1653	0.195896103737
2300	53	0.00301636143365
2300	1703	0.168257416604
2300	1753	0.135842799157
2300	1803	0.100565392495
2300	1853	0.0696789030225
2300	1903	0.0572311487884
2300	1953	0.0231859591123
2300	2003	0.0110581797861
2300	2053	0.00706987160343
2300	2103	0.00605440852384
2300	2153	0.00200333344994
2300	103	0.0282184369904
2300	153	0.102871772455
2300	203	0.162077264289
2300	253	0.149933713318
2300	303	0.168214009592
2300	353	0.193745624736
2300	403	0.177040690455
2300	453	0.181663924682
2300	503	0.178623700787
2300	553	0.188824185775
2300	603	0.157695658392
2300	653	0.179959380501
2300	703	0.211207105975
2300	753	0.183963594116
2300	803	0.191500459348
2300	853	0.204774610216
2400	903	0.117457423268
2400	953	0.100937461427
2400	1003	0.118395785208
2400	1053	0.142545723114
2400	1103	0.14670477349
2400	1153	0.129618759864
2400	3	0.0
2400	1203	0.125512232849
2400	1253	0.13281441828
2400	13	0.00107216946178
2400	1303	0.14357271558
2400	1353	0.137592968196
2400	23	0.00108112968243
2400	1403	0.138091336852
2400	1453	0.163077419513
2400	33	0.0
2400	1503	0.144988860782
2400	1553	0.14841086965
2400	43	0.0
2400	1603	0.1601467461
2400	1653	0.138121149317
2400	53	0.00109088988095
2400	1703	0.121387129264
2400	1753	0.117081089556
2400	1803	0.138061537254
2400	1853	0.089914104585
2400	1903	0.0421011397773
2400	1953	0.0429764524261
2400	2003	0.027093238129
2400	2053	0.0216362080161
2400	2103	0.00649188428614
2400	2153	0.00215602721462
2400	103	0.0161249926679
2400	2203	0.00434450919579
2400	2253	0.00108561259749
2400	153	0.0528247382353
2400	203	0.0988033636097
2400	253	0.0971544011418
2400	303	0.0979352511578
2400	353	0.11588469555
2400	403	0.112790129399
2400	453	0.0984535714286
2400	503	0.107569357489
2400	553	0.110963604389
2400	603	0.106440475297
2400	653	0.0730171630569
2400	703	0.0957292364426
2400	753	0.121834648194
2400	803	0.105504666145
2400	853	0.120381115477
2500	903	0.0677766174597
2500	953	0.0697959399797
2500	1003	0.0745244954683
2500	1053	0.0727191556754
2500	1103	0.0772901277118
2500	1153	0.0690322799925
2500	3	0.0
2500	1203	0.0686757025785
2500	1253	0.0777902825822
2500	13	0.0
2500	1303	0.0792154656942
2500	1353	0.0873327923485
2500	23	0.0
2500	1403	0.0972726848617
2500	1453	0.0836635555003
2500	33	0.0
2500	1503	0.08129357656
2500	1553	0.0933860943565
2500	43	0.000880567730328
2500	1603	0.0929649401115
2500	1653	0.110228922647
2500	53	0.000443252245227
2500	1703	0.0986260502774
2500	1753	0.0844500921141
2500	1803	0.0854209807943
2500	1853	0.0717107205993
2500	1903	0.0725244181059
2500	1953	0.0571120292222
2500	2003	0.0399639719847
2500	2053	0.0255476359637
2500	2103	0.0127779706666
2500	2153	0.0088234260175
2500	103	0.00840941684774
2500	2203	0.00394888825251
2500	2253	0.0021969177826
2500	2303	0.00264861942402
2500	2353	0.0
2500	153	0.0287589438397
2500	203	0.0472900945588
2500	253	0.0501892252914
2500	303	0.0621036361154
2500	353	0.0623104642472
2500	403	0.0670135728763
2500	453	0.053876183363
2500	503	0.0505751425826
2500	553	0.056621881547
2500	603	0.0575155007911
2500	653	0.0670286675343
2500	703	0.0561409959549
2500	753	0.0579848927338
2500	803	0.0691980548572
2500	853	0.0587508056409
2600	903	0.0383527737313
2600	953	0.0351543081979
2600	1003	0.0370794756842
2600	1053	0.0386457395076
2600	1103	0.0405718392793
2600	1153	0.0363078613185
2600	3	0.0
2600	1203	0.0402605724284
2600	1253	0.0429434764697
2600	13	0.0
2600	1303	0.0484984064157
2600	1353	0.0551767660727
2600	23	0.000299635020033
2600	1403	0.0485318589165
2600	1453	0.0490409392396
2600	33	0.0
2600	1503	0.0531355025787
2600	1553	0.0563119112255
2600	43	0.000301028857048
2600	1603	0.0627092886225
2600	1653	0.062677770386
2600	53	0.0003002444796
2600	1703	0.0566712276768
2600	1753	0.0526610066109
2600	1803	0.0603050466284
2600	1853	0.0560018176001
2600	1903	0.0591665895657
2600	1953	0.0535061810602
2600	2003	0.044513112357
2600	2053	0.0361790384463
2600	2103	0.0247770073755
2600	2153	0.0164886764276
2600	103	0.00360830632814
2600	2203	0.0113489403737
2600	2253	0.00598634664829
2600	2303	0.00448773778614
2600	2353	0.00180086835181
2600	2403	0.00120264068054
2600	2453	0.000599819135516
2600	153	0.0140763095917
2600	203	0.0204617802945
2600	253	0.0309021755649
2600	303	0.0302539051952
2600	353	0.0346565076593
2600	403	0.035386039675
2600	453	0.0336990618297
2600	503	0.0336542259949
2600	553	0.036362981273
2600	603	0.0372041018147
2600	653	0.0334725255065
2600	703	0.0315189660672
2600	753	0.0325536391421
2600	803	0.0371099391771
2600	853	0.0357172223108
2700	903	0.0168367568198
2700	953	0.0242597606756
2700	1003	0.0210712812553
2700	1053	0.0257013068103
2700	1103	0.0213723231545
2700	1153	0.0226095381062
2700	3	0.0
2700	1203	0.0239928252142
2700	1253	0.0226063845582
2700	13	0.000223009944103
2700	1303	0.0276843055619
2700	1353	0.0245264946529
2700	23	0.0
2700	1403	0.0276893214976
2700	1453	0.0333536241925
2700	33	0.0
2700	1503	0.0325834769958
2700	1553	0.0399629632048
2700	43	0.0
2700	1603	0.0325338695645
2700	1653	0.0411405874201
2700	53	0.000668864583655
2700	1703	0.0360963982227
2700	1753	0.0360532408714
2700	1803	0.0327763885201
2700	1853	0.040220041463
2700	1903	0.0402412092505
2700	1953	0.0339673688013
2700	2003	0.0309878208278
2700	2053	0.0246699178247
2700	2103	0.0263009593037
2700	2153	0.0192618367632
2700	103	0.00268748976554
2700	2203	0.0168247270157
2700	2253	0.011346525818
2700	2303	0.00559954482716
2700	2353	0.00517050525333
2700	2403	0.00112192728968
2700	2453	0.000669722698818
2700	2503	0.00111072768942
2700	2553	0.000223967899512
2700	153	0.00667442695175
2700	203	0.0129613953704
2700	253	0.0152111820829
2700	303	0.0165213588091
2700	353	0.0154107682672
2700	403	0.0157606970275
2700	453	0.0180156798337
2700	503	0.0187577444493
2700	553	0.0197235506999
2700	603	0.0214291389623
2700	653	0.0182159756155
2700	703	0.0187780682909
2700	753	0.0178883046911
2700	803	0.0180226185488
2700	853	0.021120452714
2800	903	0.0107762194892
2800	953	0.0130663492584
2800	1003	0.0131766065537
2800	1053	0.0129123484195
2800	1103	0.0134901744456
2800	1153	0.0169470588541
2800	3	0.0
2800	1203	0.014029924934
2800	1253	0.0136688410061
2800	13	0.000158825253567
2800	1303	0.0155056988971
2800	1353	0.0158533641059
2800	23	0.0
2800	1403	0.0175247046956
2800	1453	0.0201858362378
2800	33	0.0
2800	1503	0.0176493247569
2800	1553	0.0162915049391
2800	43	0.0
2800	1603	0.0215559146057
2800	1653	0.0202362087372
2800	53	0.000318066065342
2800	1703	0.0226368532482
2800	1753	0.0220433628858
2800	1803	0.0247758443078
2800	1853	0.0284829133831
2800	1903	0.0271689266367
2800	1953	0.0245512288266
2800	2003	0.0203713066097
2800	2053	0.0195847499652
2800	2103	0.0205460303929
2800	2153	0.0209811643871
2800	103	0.000634886269929
2800	2203	0.0170394124897
2800	2253	0.0124724197792
2800	2303	0.0106390972294
2800	2353	0.00529227282195
2800	2403	0.00510778459253
2800	2453	0.00238936163793
2800	2503	0.00174138990747
2800	2553	0.000474989631889
2800	2603	0.000158942746056
2800	2653	0.000159441970834
2800	153	0.00414420388869
2800	203	0.0070131471258
2800	253	0.00823865999005
2800	303	0.00904650767883
2800	353	0.0100130484784
2800	403	0.0104115228246
2800	453	0.00938359502496
2800	503	0.00985055253654
2800	553	0.00937068996046
2800	603	0.0108920546473
2800	653	0.0116418757336
2800	703	0.00941568843709
2800	753	0.0127395741548
2800	803	0.00893815976781
2800	853	0.00920996476574
2900	903	0.00612990351912
2900	953	0.00627569428352
2900	1003	0.00610617596512
2900	1053	0.0070781532564
2900	1103	0.00750696588714
2900	1153	0.0081957074179
2900	3	0.0
2900	1203	0.00675596379799
2900	1253	0.00757033128411
2900	13	0.0
2900	1303	0.00850167576682
2900	1353	0.00726157490626
2900	23	0.0
2900	1403	0.00789151651187
2900	1453	0.00929174157433
2900	33	6.75030410833e-05
2900	1503	0.0114474244012
2900	1553	0.0105031137615
2900	43	6.74712953511e-05
2900	1603	0.0124023013688
2900	1653	0.0114738496653
2900	53	0.000134783350901
2900	1703	0.0137031581953
2900	1753	0.0134024981394
2900	1803	0.01323697605
2900	1853	0.0151105754588
2900	1903	0.014569621815
2900	1953	0.0164439456016
2900	2003	0.0154786237863
2900	2053	0.0145316644452
2900	2103	0.0132941325173
2900	2153	0.0154750673215
2900	103	0.000539888024598
2900	2203	0.0135545784562
2900	2253	0.0124564393652
2900	2303	0.010111184007
2900	2353	0.00783853852428
2900	2403	0.0056745533684
2900	2453	0.00453963491332
2900	2503	0.00278404653337
2900	2553	0.00162643763177
2900	2603	0.000811349325854
2900	2653	0.000202056964562
2900	153	0.00195981474248
2900	2703	0.000405004303272
2900	2753	6.75751605455e-05
2900	203	0.00401823206243
2900	253	0.00385209392233
2900	303	0.00553861804862
2900	353	0.00542277074835
2900	403	0.00546523761184
2900	453	0.0045435601222
2900	503	0.00572553735428
2900	553	0.00633975658136
2900	603	0.00533782447132
2900	653	0.00644258419129
2900	703	0.00627072746234
2900	753	0.00430842729291
2900	803	0.00632170822615
2900	853	0.00565209402883
3000	903	0.00328723465489
3000	953	0.00454170073244
3000	1003	0.0035901397799
3000	1053	0.00357291411379
3000	1103	0.00437329797497
3000	1153	0.00413373269237
3000	3	0.0
3000	1203	0.0043009055269
3000	1253	0.00452554290355
3000	13	4.25691375908e-05
3000	1303	0.00500961610738
3000	1353	0.00516365950676
3000	23	0.0
3000	1403	0.00498479649311
3000	1453	0.00557263331993
3000	33	0.0
3000	1503	0.00588360063058
3000	1553	0.0066874735845
3000	43	0.0
3000	1603	0.00598733739744
3000	1653	0.0076540106322
3000	53	4.28349229304e-05
3000	1703	0.00644454344523
3000	1753	0.00744908733855
3000	1803	0.00863847263934
3000	1853	0.0084487334591
3000	1903	0.00836434902521
3000	1953	0.00825472899381
3000	2003	0.00871053183383
3000	2053	0.00896600590294
3000	2103	0.0107002062437
3000	2153	0.00964857827246
3000	103	0.000255464360683
3000	2203	0.00988896530207
3000	2253	0.00914662661864
3000	2303	0.00915133882555
3000	2353	0.00743848457929
3000	2403	0.00646623118396
3000	2453	0.00531037242392
3000	2503	0.00372497095264
3000	2553	0.00174621100321
3000	2603	0.00102681251361
3000	2653	0.00073121492699
3000	153	0.00119522133773
3000	2703	0.000554752878492
3000	2753	0.000128098987472
3000	2803	0.00017106482256
3000	2853	4.26265090515e-05
3000	203	0.00188072170876
3000	253	0.00252060664614
3000	303	0.00243588732781
3000	353	0.00286592690055
3000	403	0.00251902070607
3000	453	0.00362988660679
3000	503	0.00315029584341
3000	553	0.00269931269947
3000	603	0.0030841498485
3000	653	0.00293851061208
3000	703	0.00311782445299
3000	753	0.00254376117504
3000	803	0.00358259083273
3000	853	0.00412440795215
