1000	3	0.0
1000	13	0.782461509924
1000	23	0.781498537721
1000	33	0.77405169476
1000	43	2.352746275
1000	53	1.56585663339
1000	103	17.1777375255
1000	153	46.603753732
1000	203	68.7864356527
1000	253	92.9343749587
1000	303	101.205721763
1000	353	104.267699027
1000	403	112.391520406
1000	453	98.4102126647
1000	503	104.246248897
1000	553	100.992067668
1000	603	104.770254287
1000	653	100.378942999
1000	703	81.3906426378
1000	753	59.3648219671
1000	803	56.3006766151
1000	853	24.0583546882
1100	3	0.0
1100	13	0.841489036475
1100	23	0.0
1100	33	0.837091496985
1100	43	0.279538617779
1100	53	1.6713932002
1100	103	11.7271721774
1100	153	31.8083649964
1100	203	53.6858656979
1100	253	53.4720446006
1100	303	57.2157524847
1100	353	59.0675182171
1100	403	64.6062266564
1100	453	66.3275303524
1100	503	74.5311041754
1100	553	74.5805792062
1100	603	70.1067684345
1100	653	62.8543675305
1100	703	71.5015137019
1100	753	58.0444307714
1100	803	44.0026051688
1100	853	34.1096838935
1100	903	26.2934343709
1100	953	21.5650654784
1200	3	0.0
1200	13	0.0
1200	23	0.0
1200	33	0.0
1200	43	0.371492742456
1200	53	1.66848592867
1200	103	7.04237637134
1200	153	20.3113384881
1200	203	30.982866399
1200	253	39.2622678143
1200	303	40.9187190958
1200	353	41.0153550287
1200	403	44.428317629
1200	453	40.6517881188
1200	503	43.5932037977
1200	553	40.5691684488
1200	603	44.2409041289
1200	653	42.4744438899
1200	703	41.426617062
1200	753	39.1464239581
1200	803	38.5713866337
1200	853	37.5293640643
1200	903	27.1217942683
1200	953	21.310019529
1200	1003	15.8732015851
1200	1053	8.38994920515
1300	3	0.128730662585
1300	13	0.127236448865
1300	23	0.127605153844
1300	33	0.381250743163
1300	43	0.127865955485
1300	53	0.255178571429
1300	103	4.46595821415
1300	153	13.8126216594
1300	203	21.3278325595
1300	253	25.4431055839
1300	303	22.4341358889
1300	353	26.5217512769
1300	403	26.2159101001
1300	453	26.2347833426
1300	503	26.7672253613
1300	553	28.3217480535
1300	603	28.9285928631
1300	653	26.1453995127
1300	703	25.2253499721
1300	753	27.3967743062
1300	803	26.4317479348
1300	853	25.0414424645
1300	903	26.7673504594
1300	953	23.5524704685
1300	1003	17.5021495897
1300	1053	12.2373104734
1300	1103	9.39871359073
1300	1153	6.52108246202
1400	3	0.0586731495542
1400	13	0.0
1400	23	0.0584807412438
1400	33	0.0584336858841
1400	43	0.175846566764
1400	53	0.353338999941
1400	103	3.22677194861
1400	153	8.34084293204
1400	203	13.1884879269
1400	253	14.7657987752
1400	303	15.7867368319
1400	353	17.1165647489
1400	403	18.3045972357
1400	453	16.3965608363
1400	503	18.0667576247
1400	553	15.221979446
1400	603	16.5940020623
1400	653	16.81522103
1400	703	18.3659472378
1400	753	16.3999803985
1400	803	17.2306177137
1400	853	18.8138662921
1400	903	17.2198957693
1400	953	18.0497193136
1400	1003	16.0119336283
1400	1053	13.5739776948
1400	1103	10.4039842607
1400	1153	7.19836914413
1400	1203	6.09773394031
1400	1253	2.98590725865
1500	3	0.0
1500	13	0.0436729182568
1500	23	0.0
1500	33	0.0434712018523
1500	43	0.0
1500	53	0.130834879923
1500	103	1.83219815568
1500	153	6.04227845644
1500	203	8.70410730671
1500	253	10.789433036
1500	303	12.1628424757
1500	353	12.5392205356
1500	403	10.6638146945
1500	453	11.2376911497
1500	503	12.0899281148
1500	553	10.5971124378
1500	603	11.3713533123
1500	653	9.31845748523
1500	703	11.594534823
1500	753	11.7380463658
1500	803	11.4637552691
1500	853	11.8543430344
1500	903	10.7262624446
1500	953	11.3015642295
1500	1003	11.3694368228
1500	1053	9.71094175989
1500	1103	8.45727900058
1500	1153	8.28076781243
1500	1203	6.74071885292
1500	1253	5.41301535555
1500	1303	4.44542785637
1500	1353	2.21620277748
1600	3	0.0
1600	13	0.0
1600	23	0.0
1600	33	0.0
1600	43	0.0862284285283
1600	53	0.0288823358704
1600	103	1.32385496845
1600	153	3.16283007223
1600	203	6.26798952096
1600	253	6.82667718283
1600	303	8.62730686236
1600	353	8.35989733393
1600	403	7.39573688984
1600	453	7.92365395256
1600	503	6.02734440156
1600	553	6.92367597021
1600	603	7.09216987493
1600	653	7.00768472835
1600	703	7.21540112493
1600	753	6.93148630824
1600	803	7.43335011427
1600	853	6.50963305094
1600	903	7.66621789607
1600	953	7.54519500786
1600	1003	6.27887316496
1600	1053	6.84501192697
1600	1103	7.49020775053
1600	1153	6.65478956094
1600	1203	5.75434082975
1600	1253	4.93360799842
1600	1303	4.57747800889
1600	1353	3.23879486502
1600	1403	2.44204885122
1600	1453	1.63569904325
1700	3	0.0
1700	13	0.0
1700	23	0.0
1700	33	0.0
1700	43	0.0
1700	53	0.122944307496
1700	103	0.613187588795
1700	153	2.54617631766
1700	203	3.46411977523
1700	253	4.17225942261
1700	303	5.12037351468
1700	353	4.75998298198
1700	403	4.53469728962
1700	453	4.34976627856
1700	503	4.64407242304
1700	553	4.38052940428
1700	603	4.53978963967
1700	653	4.55809468484
1700	703	4.34556314609
1700	753	4.47136203847
1700	803	4.50788785591
1700	853	4.26080095287
1700	903	3.88466046773
1700	953	4.20289950062
1700	1003	5.10851323205
1700	1053	4.08181840128
1700	1103	4.26072745846
1700	1153	5.5128643559
1700	1203	4.49582119205
1700	1253	3.98405029586
1700	1303	3.90841573875
1700	1353	3.14171659778
1700	1403	2.79097626603
1700	1453	2.13202880801
1700	1503	1.20217612549
1700	1553	0.781917764471
1800	3	0.0
1800	13	0.0
1800	23	0.0
1800	33	0.00949769972624
1800	43	0.0189026394619
1800	53	0.0284034038795
1800	103	0.405512891947
1800	153	1.33984586912
1800	203	2.59673574084
1800	253	2.73569892558
1800	303	3.35358843268
1800	353	3.62039426156
1800	403	3.28951197763
1800	453	3.22572954057
1800	503	3.26509740113
1800	553	3.06672168427
1800	603	2.85652656229
1800	653	2.89967547657
1800	703	2.72104886152
1800	753	2.74440938205
1800	803	2.91393803748
1800	853	2.75055168555
1800	903	3.12017103741
1800	953	3.04670003508
1800	1003	2.87664803812
1800	1053	2.90207649641
1800	1103	3.02676674559
1800	1153	2.7267155544
1800	1203	2.7246018303
1800	1253	2.60606518265
1800	1303	2.82011205497
1800	1353	3.00291045065
1800	1403	2.3284705314
1800	1453	2.10175668912
1800	1503	1.83259806939
1800	1553	1.14448941706
1800	1603	0.87104758238
1800	1653	0.513161415712
1900	3	0.0
1900	13	0.0
1900	23	0.0
1900	33	0.00554655170593
1900	43	0.0165033744934
1900	53	0.0110799991562
1900	103	0.214816097945
1900	153	1.02174155408
1900	203	1.46243649058
1900	253	1.85125273806
1900	303	2.30165384794
1900	353	2.33720121736
1900	403	2.22057956501
1900	453	2.21958841808
1900	503	2.07693028565
1900	553	1.95021686542
1900	603	1.79306866011
1900	653	1.86313142848
1900	703	1.95014855012
1900	753	1.85018422907
1900	803	2.02855834973
1900	853	1.68534479149
1900	903	1.95580550727
1900	953	1.74033081071
1900	1003	1.89364877759
1900	1053	1.72731545509
1900	1103	2.12038217466
1900	1153	1.8313639992
1900	1203	1.93971590909
1900	1253	1.80786159085
1900	1303	1.81216946671
1900	1353	1.82251754313
1900	1403	1.86781564339
1900	1453	1.64162258808
1900	1503	1.62555372324
1900	1553	1.36052956029
1900	1603	1.30479757902
1900	1653	0.858817691302
1900	1703	0.629752864221
1900	1753	0.325846120119
2000	3	0.0
2000	13	0.00471703784767
2000	23	0.0
2000	33	0.0
2000	43	0.0
2000	53	0.00940706886045
2000	103	0.122828026475
2000	153	0.569321573561
2000	203	1.09671221051
2000	253	1.24982945199
2000	303	1.28678205328
2000	353	1.61769867339
2000	403	1.58680016883
2000	453	1.59403684781
2000	503	1.38234936533
2000	553	1.36040108784
2000	603	1.21742178051
2000	653	1.38696682444
2000	703	1.32112734924
2000	753	1.18399332717
2000	803	1.20344328556
2000	853	1.22913713252
2000	903	1.22934686289
2000	953	1.22561816907
2000	1003	1.25931392911
2000	1053	1.20843760489
2000	1103	1.290872232
2000	1153	1.26645206026
2000	1203	1.25445702213
2000	1253	1.12937643556
2000	1303	1.25591013586
2000	1353	1.19952027468
2000	1403	1.23184717936
2000	1453	1.19976909825
2000	1503	1.12610334347
2000	1553	1.12970013245
2000	1603	1.00917358625
2000	1653	1.03881120291
2000	1703	0.668242814809
2000	1753	0.634391227445
2000	1803	0.409892944851
2000	1853	0.298416060113
2100	3	0.0
2100	13	0.0
2100	23	0.00231150525958
2100	33	0.00458653636878
2100	43	0.0
2100	53	0.00231011159589
2100	103	0.0645931975172
2100	153	0.319120740928
2100	203	0.588781555419
2100	253	0.864677724912
2100	303	0.976128547963
2100	353	1.04845735389
2100	403	0.991023119996
2100	453	1.02180006129
2100	503	0.900943522396
2100	553	0.848223078011
2100	603	0.821130523297
2100	653	0.894704320472
2100	703	0.751042930944
2100	753	0.732176954778
2100	803	0.797794362868
2100	853	0.79312208838
2100	903	0.775842299607
2100	953	0.727252779416
2100	1003	0.793851659603
2100	1053	0.863158527637
2100	1103	0.756989529196
2100	1153	0.827246663816
2100	1203	0.810761003386
2100	1253	0.714794677929
2100	1303	0.782735068879
2100	1353	0.768988975947
2100	1403	0.858953449791
2100	1453	0.760477773525
2100	1503	0.793564882321
2100	1553	0.790159482712
2100	1603	0.734805387264
2100	1653	0.771713234731
2100	1703	0.665223066924
2100	1753	0.573564158059
2100	1803	0.499334581786
2100	1853	0.361880915426
2100	1903	0.259571920332
2100	1953	0.138122173429
2200	3	0.0
2200	13	0.0
2200	23	0.00160309494584
2200	33	0.0
2200	43	0.00318780259494
2200	53	0.00319772978498
2200	103	0.0365994499255
2200	153	0.221675732679
2200	203	0.454138104433
2200	253	0.611638264101
2200	303	0.595584755829
2200	353	0.664780127588
2200	403	0.683863831971
2200	453	0.707384754516
2200	503	0.636834393688
2200	553	0.624102809849
2200	603	0.559609363857
2200	653	0.546160707014
2200	703	0.554772788722
2200	753	0.571992509977
2200	803	0.494672095754
2200	853	0.528397916915
2200	903	0.47628948272
2200	953	0.46675759153
2200	1003	0.531272737947
2200	1053	0.511950200338
2200	1103	0.503201775694
2200	1153	0.484655105717
2200	1203	0.476655558716
2200	1253	0.577828954069
2200	1303	0.551620572444
2200	1353	0.529885589327
2200	1403	0.528652477916
2200	1453	0.520739005884
2200	1503	0.538247554219
2200	1553	0.530709600599
2200	1603	0.513394287039
2200	1653	0.478418849768
2200	1703	0.450689569891
2200	1753	0.518679549674
2200	1803	0.393025240299
2200	1853	0.348621783998
2200	1903	0.313507940736
2200	1953	0.252520699182
2200	2003	0.151325590896
2200	2053	0.0993966248346
2300	3	0.0
2300	13	0.0
2300	23	0.0
2300	33	0.0
2300	43	0.00100922221047
2300	53	0.00201090762244
2300	103	0.0131014171741
2300	153	0.135145269696
2300	203	0.30502739801
2300	253	0.376343683095
2300	303	0.463343978517
2300	353	0.458127675156
2300	403	0.473785029569
2300	453	0.46770933095
2300	503	0.473653858268
2300	553	0.389700979152
2300	603	0.41382554941
2300	653	0.402143867041
2300	703	0.368103813271
2300	753	0.343800815233
2300	803	0.344102387892
2300	853	0.35634797366
2300	903	0.307134367123
2300	953	0.371376320124
2300	1003	0.340055945422
2300	1053	0.345291929383
2300	1103	0.300367082527
2300	1153	0.319128553296
2300	1203	0.305424718245
2300	1253	0.368994732723
2300	1303	0.361826145118
2300	1353	0.325911999906
2300	1403	0.330283985905
2300	1453	0.328915490805
2300	1503	0.345586651692
2300	1553	0.367713741438
2300	1603	0.349035466234
2300	1653	0.339553246477
2300	1703	0.308304008867
2300	1753	0.344135091197
2300	1803	0.280577445062
2300	1853	0.288814003833
2300	1903	0.255030031443
2300	1953	0.220770654156
2300	2003	0.210105415935
2300	2053	0.143417395384
2300	2103	0.0908161278575
2300	2153	0.0631050036733
2400	3	0.0
2400	13	0.0
2400	23	0.0
2400	33	0.0
2400	43	0.0
2400	53	0.0
2400	103	0.0107499951119
2400	153	0.0722297441176
2400	203	0.158944541459
2400	253	0.259434279972
2400	303	0.274218703242
2400	353	0.299368796838
2400	403	0.299327651097
2400	453	0.304112142857
2400	503	0.269999087298
2400	553	0.271483769962
2400	603	0.283479225025
2400	653	0.240527125364
2400	703	0.238785286407
2400	753	0.230731103659
2400	803	0.273450869395
2400	853	0.203143132368
2400	903	0.234914846537
2400	953	0.20724393676
2400	1003	0.218494039975
2400	1053	0.177914210803
2400	1103	0.228686852793
2400	1153	0.187465148563
2400	1203	0.19367835931
2400	1253	0.22891590793
2400	1303	0.198216062555
2400	1353	0.224265704067
2400	1403	0.203900489571
2400	1453	0.235436274529
2400	1503	0.20728037134
2400	1553	0.212937334716
2400	1603	0.217111696055
2400	1653	0.233079439472
2400	1703	0.215918698957
2400	1753	0.192270780096
2400	1803	0.225428603798
2400	1853	0.172245091916
2400	1903	0.208346666078
2400	1953	0.192319624607
2400	2003	0.159308240199
2400	2053	0.151453456112
2400	2103	0.141739473581
2400	2153	0.0937871838359
2400	2203	0.0488757284526
2400	2253	0.0336539905223
2500	3	0.0
2500	13	0.0
2500	23	0.0
2500	33	0.0
2500	43	0.0
2500	53	0.000443252245227
2500	103	0.0115076230548
2500	153	0.0451294195638
2500	203	0.105526970266
2500	253	0.165976648551
2500	303	0.184124160596
2500	353	0.202840447443
2500	403	0.206772142625
2500	453	0.208880612547
2500	503	0.219452140424
2500	553	0.17996101887
2500	603	0.183522742982
2500	653	0.156106238863
2500	703	0.181581033792
2500	753	0.155065660114
2500	803	0.145448140783
2500	853	0.14577267565
2500	903	0.146996040465
2500	953	0.147985062615
2500	1003	0.156590160121
2500	1053	0.146752512959
2500	1103	0.121455914976
2500	1153	0.132788207374
2500	1203	0.130747972217
2500	1253	0.14099488718
2500	1303	0.138186979044
2500	1353	0.130340901143
2500	1403	0.136707557103
2500	1453	0.140169307644
2500	1503	0.148007326889
2500	1553	0.147751707973
2500	1603	0.135261784902
2500	1653	0.14667912416
2500	1703	0.144416716478
2500	1753	0.142069686213
2500	1803	0.148939146
2500	1853	0.141221725843
2500	1903	0.160340129186
2500	1953	0.127843080797
2500	2003	0.140971813265
2500	2053	0.125095320925
2500	2103	0.11235801793
2500	2153	0.109851653918
2500	2203	0.0763451728818
2500	2253	0.0579986294606
2500	2303	0.0379635450776
2500	2353	0.0245693306773
2600	3	0.0
2600	13	0.0
2600	23	0.0
2600	33	0.000300884480622
2600	43	0.0
2600	53	0.0003002444796
2600	103	0.00451038291017
2600	153	0.0284521151321
2600	203	0.0649962432883
2600	253	0.107407561672
2600	303	0.132398278181
2600	353	0.131455718708
2600	403	0.125950310707
2600	453	0.134796247319
2600	503	0.141828523835
2600	553	0.139490780621
2600	603	0.104411511544
2600	653	0.116854977438
2600	703	0.104462858966
2600	753	0.104895059458
2600	803	0.105942890877
2600	853	0.107751956383
2600	903	0.100076768955
2600	953	0.0865336817178
2600	1003	0.0921006331511
2600	1053	0.0898738128084
2600	1103	0.0925638999854
2600	1153	0.0879190360854
2600	1203	0.0897661651921
2600	1253	0.0933424176042
2600	1303	0.0952005755567
2600	1353	0.083664770295
2600	1403	0.0919708684406
2600	1453	0.0861931659363
2600	1503	0.0897599732826
2600	1553	0.0942546963293
2600	1603	0.0931594720402
2600	1653	0.096865645142
2600	1703	0.0916385809242
2600	1753	0.090660710245
2600	1803	0.0987082604017
2600	1853	0.0924331075442
2600	1903	0.0900878223036
2600	1953	0.0828000678976
2600	2003	0.0980491528945
2600	2053	0.0816270867424
2600	2103	0.0761221310934
2600	2153	0.0758479115672
2600	2203	0.0761573630341
2600	2253	0.0655504957988
2600	2303	0.0460741079377
2600	2353	0.0294141830795
2600	2403	0.0228501729302
2600	2453	0.0116964731426
2700	3	0.0
2700	13	0.0
2700	23	0.0
2700	33	0.0
2700	43	0.000222306247787
2700	53	0.0
2700	103	0.00201561732415
2700	153	0.0184659145665
2700	203	0.0484934964721
2700	253	0.0662133808314
2700	303	0.0848394101006
2700	353	0.0846475532359
2700	403	0.0830211364545
2700	453	0.0943042993763
2700	503	0.086642914837
2700	553	0.091221421987
2700	603	0.0868326568368
2700	653	0.0825341117392
2700	703	0.0710884013869
2700	753	0.0702115959127
2700	803	0.0698654595594
2700	853	0.0593170161328
2700	903	0.061285794824
2700	953	0.0643217507821
2700	1003	0.063213843766
2700	1053	0.0619066259691
2700	1103	0.0618906858015
2700	1153	0.0590981986143
2700	1203	0.0508736756857
2700	1253	0.0568516997799
2700	1303	0.0602410489028
2700	1353	0.0523673804752
2700	1403	0.0571795744747
2700	1453	0.0583688423369
2700	1503	0.0590996858614
2700	1553	0.05320911393
2700	1603	0.0594584512731
2700	1653	0.053593954423
2700	1703	0.065731095529
2700	1753	0.0615816226064
2700	1803	0.0631001221169
2700	1853	0.0614472855684
2700	1903	0.0614796252438
2700	1953	0.0586103618532
2700	2003	0.0599546968189
2700	2053	0.0520068537925
2700	2103	0.0572825978055
2700	2153	0.0604732084425
2700	2203	0.0493525325795
2700	2253	0.0525054920205
2700	2303	0.0430045042726
2700	2353	0.0400152145692
2700	2403	0.0318627350268
2700	2453	0.0227705717598
2700	2503	0.0111072768942
2700	2553	0.00739094068388
2800	3	0.0
2800	13	0.0
2800	23	0.0
2800	33	0.0
2800	43	0.000160105103544
2800	53	0.000159033032671
2800	103	0.00158721567482
2800	153	0.0108386870935
2800	203	0.0329936694328
2800	253	0.0380245845695
2800	303	0.0518983861575
2800	353	0.0602372281477
2800	403	0.061347896028
2800	453	0.0574148780341
2800	503	0.0640285914875
2800	553	0.0574947417913
2800	603	0.0528585004941
2800	653	0.0502354911793
2800	703	0.0537811356491
2800	753	0.0473408866739
2800	803	0.0472445587727
2800	853	0.0435091438933
2800	903	0.0421540350606
2800	953	0.042067270783
2800	1003	0.0388948024778
2800	1053	0.039374692094
2800	1103	0.0392008598595
2800	1153	0.0378910655511
2800	1203	0.0395388793594
2800	1253	0.0343310425268
2800	1303	0.0374984759042
2800	1353	0.0382066074952
2800	1403	0.0371205108551
2800	1453	0.0355655209905
2800	1503	0.0372066846227
2800	1553	0.0414405271267
2800	1603	0.0328927289539
2800	1653	0.0376042934014
2800	1703	0.0398536148736
2800	1753	0.0405978481925
2800	1803	0.0389785576053
2800	1853	0.0390439936263
2800	1903	0.0403561834253
2800	1953	0.0419746815423
2800	2003	0.037082144063
2800	2053	0.037082600344
2800	2103	0.0372695435034
2800	2153	0.0389423126882
2800	2203	0.0336010844422
2800	2253	0.0380568706082
2800	2303	0.0344579716235
2800	2353	0.0311121493169
2800	2403	0.0258581594997
2800	2453	0.0229378717241
2800	2503	0.0199468298492
2800	2553	0.0125080603064
2800	2603	0.00969550750942
2800	2653	0.00526158503754
2900	3	0.0
2900	13	0.0
2900	23	0.0
2900	33	0.0
2900	43	6.74712953511e-05
2900	53	0.0
2900	103	0.000877318039972
2900	153	0.00729862042026
2900	203	0.0166177732751
2900	253	0.0262212709099
2900	303	0.0359334731935
2900	353	0.0401962881721
2900	403	0.0396061046685
2900	453	0.0437402429675
2900	503	0.0406849948469
2900	553	0.0387804258966
2900	603	0.0382431474781
2900	653	0.0354003047143
2900	703	0.0346253212051
2900	753	0.0294857992859
2900	803	0.0311377756245
2900	853	0.0269820203043
2900	903	0.026809907699
2900	953	0.0275995587307
2900	1003	0.0268671742465
2900	1053	0.0262902835238
2900	1103	0.0241440254208
2900	1153	0.0247903216112
2900	1203	0.023443194379
2900	1253	0.0241980232117
2900	1303	0.022266293675
2900	1353	0.0228705676954
2900	1403	0.022258123495
2900	1453	0.0211607545342
2900	1503	0.0232335299977
2900	1553	0.0257191631852
2900	1603	0.0261600455101
2900	1653	0.0236945179478
2900	1703	0.0261300418527
2900	1753	0.0264682500945
2900	1803	0.0260012029553
2900	1853	0.0254101605248
2900	1903	0.0269133291861
2900	1953	0.0274964336289
2900	2003	0.0256174603275
2900	2053	0.0250755698101
2900	2103	0.023011671007
2900	2153	0.0250033838819
2900	2203	0.0260976212067
2900	2253	0.0230850316496
2900	2303	0.0223794206021
2900	2353	0.023177747533
2900	2403	0.0231035387142
2900	2453	0.0203944792375
2900	2503	0.0186055792718
2900	2553	0.0167387539603
2900	2603	0.0137929385395
2900	2653	0.00996814358505
2900	2703	0.00587256239744
2900	2753	0.00290573190345
3000	3	0.0
3000	13	4.25691375908e-05
3000	23	0.0
3000	33	0.0
3000	43	0.0
3000	53	4.28349229304e-05
3000	103	0.000383196541024
3000	153	0.00358566401318
3000	203	0.0086769660654
3000	253	0.0165334707128
3000	303	0.0204272656613
3000	353	0.0268199427858
3000	403	0.0253609881255
3000	453	0.0276298427599
3000	503	0.0261815127527
3000	553	0.025450662595
3000	603	0.0233453009366
3000	653	0.0228692782418
3000	703	0.0227216795752
3000	753	0.0213251978508
3000	803	0.0191071511079
3000	853	0.016455112139
3000	903	0.0172046177392
3000	953	0.01675287723
3000	1003	0.0164120675652
3000	1053	0.0175242930343
3000	1103	0.0169836814562
3000	1153	0.0167906255752
3000	1203	0.0155002931861
3000	1253	0.0149001365409
3000	1303	0.014643493237
3000	1353	0.0160503749669
3000	1403	0.0157638863457
3000	1453	0.0147031786826
3000	1503	0.0149648102995
3000	1553	0.0142694500051
3000	1603	0.0145834432323
3000	1653	0.014923182741
3000	1703	0.0171424855643
3000	1753	0.0152834722981
3000	1803	0.0172769452787
3000	1853	0.0162147409821
3000	1903	0.0168993990509
3000	1953	0.0151407982581
3000	2003	0.0153288280801
3000	2053	0.0158826390281
3000	2103	0.0168995320834
3000	2153	0.015924423432
3000	2203	0.0164816088368
3000	2253	0.0149749421849
3000	2303	0.0153947755944
3000	2353	0.0161521379436
3000	2403	0.0159954139814
3000	2453	0.0128905008032
3000	2503	0.0137866741006
3000	2553	0.0125216106084
3000	2603	0.0113805053592
3000	2653	0.0102370089779
3000	2703	0.00742515391212
3000	2753	0.00666114734855
3000	2803	0.00312193301172
3000	2853	0.00217395196162
