1000	3	0.778705925789
1000	13	0.782461509924
1000	23	1.56299707544
1000	33	2.32215508428
1000	43	0.0
1000	53	0.782928316695
1000	103	11.7120937674
1000	153	26.4087937815
1000	203	53.1531548226
1000	253	46.8576680464
1000	303	37.6579429816
1000	353	41.5502860784
1000	403	31.2198667794
1000	453	39.8327051262
1000	503	31.8962403341
1000	553	21.7521376516
1000	603	10.0889874499
1000	653	10.8938387751
1000	703	8.52663875253
1000	753	6.24892862811
1000	803	2.34586152563
1000	853	1.55215191537
1100	903	3.35660864309
1100	953	0.560131570868
1100	3	0.279504359396
1100	13	0.0
1100	23	0.559175145794
1100	33	0.837091496985
1100	43	0.559077235559
1100	53	1.11426213347
1100	103	10.6102986367
1100	153	26.7859915759
1100	203	38.943115014
1100	253	41.0044694347
1100	303	41.5860835133
1100	353	33.2774750519
1100	403	37.7568857083
1100	453	27.5900231298
1100	503	25.6811295286
1100	553	26.0751649104
1100	603	17.8048935707
1100	653	14.8056954627
1100	703	8.34648019867
1100	753	5.58119526648
1100	803	4.73445751816
1100	853	4.47340116635
1200	903	2.97225142667
1200	953	1.48243614115
1200	1003	1.10743266873
1200	1053	0.74577326268
1200	3	0.0
1200	13	0.556873809846
1200	23	0.370220612652
1200	33	0.372555657658
1200	43	0.557239113684
1200	53	0.74154930163
1200	103	6.48639928939
1200	153	19.2034472979
1200	203	28.5710264997
1200	253	29.4927833347
1200	303	34.4383789675
1200	353	27.652886422
1200	403	26.4718725873
1200	453	21.9037031873
1200	503	22.0748563912
1200	553	19.5401958125
1200	603	18.6959469331
1200	653	13.5398882269
1200	703	11.8892533272
1200	753	8.3487634034
1200	803	6.11949884092
1200	853	3.34420075821
1300	903	3.71412996804
1300	953	2.0369704189
1300	1003	1.9162937507
1300	1053	0.637359920487
1300	1103	1.3971060743
1300	1153	0.383593086001
1300	3	0.128730662585
1300	13	0.0
1300	23	0.127605153844
1300	33	0.381250743163
1300	43	0.383597866454
1300	53	0.765535714286
1300	103	4.97635343863
1300	153	12.4057805644
1300	203	17.3687738209
1300	253	20.2010587048
1300	303	20.8957951422
1300	353	19.6362966185
1300	403	19.8528251243
1300	453	16.4285779185
1300	503	14.7156310043
1300	553	12.70033545
1300	603	15.0377707394
1300	653	14.2843158313
1300	703	10.9564651394
1300	753	8.83353937912
1300	803	7.37039125104
1300	853	4.9827360006
1400	903	5.52447168027
1400	953	2.93014923922
1400	1003	2.94337015226
1400	1053	1.76285424608
1400	1103	1.82216673493
1400	1153	0.526709937376
1400	3	0.0586731495542
1400	1203	0.762216742539
1400	1253	0.1170944023
1400	13	0.0
1400	23	0.0584807412438
1400	33	0.175301057652
1400	43	0.0586155222545
1400	53	0.412228833265
1400	103	3.05076620596
1400	153	8.98696456762
1400	203	13.0707335704
1400	253	13.4181266647
1400	303	12.9802058396
1400	353	14.3028828724
1400	403	12.2617334047
1400	453	10.7163236894
1400	503	10.0892282839
1400	553	9.22722306185
1400	603	10.2613086958
1400	653	7.76087124464
1400	703	8.03876923826
1400	753	7.81791180285
1400	803	6.32961467034
1400	853	4.82105323735
1500	903	4.47289486556
1500	953	3.57810141629
1500	1003	3.12442538643
1500	1053	2.00315390563
1500	1103	1.30782664957
1500	1153	0.438135863092
1500	3	0.0
1500	1203	0.695816139657
1500	1253	0.261920097849
1500	13	0.0
1500	1303	0.3050783823
1500	1353	0.0434549564211
1500	23	0.0439032348428
1500	33	0.0434712018523
1500	43	0.0436153203949
1500	53	0.0436116266409
1500	103	1.70132685884
1500	153	5.43370364787
1500	203	7.74665550297
1500	253	8.56165536463
1500	303	9.33932547238
1500	353	9.20711997373
1500	403	7.47341111785
1500	453	7.69585074844
1500	503	7.15793577915
1500	553	5.71284662287
1500	603	5.07337301626
1500	653	5.48656842588
1500	703	5.68788500753
1500	753	5.25584165634
1500	803	5.01266865379
1500	853	4.21198268988
1600	903	2.59383312273
1600	953	2.81151753145
1600	1003	2.53459100237
1600	1053	1.98447824773
1600	1103	1.5616649364
1600	1153	1.38281341526
1600	3	0.0
1600	1203	1.23102813771
1600	1253	0.461624140203
1600	13	0.0
1600	1303	0.434570697047
1600	1353	0.202424679064
1600	23	0.0288446672288
1600	1403	0.143649932424
1600	1453	0.057392948886
1600	33	0.0
1600	43	0.0287428095094
1600	53	0.0288823358704
1600	103	1.4389727918
1600	153	3.16283007223
1600	203	4.19782784431
1600	253	4.97537489596
1600	303	5.90594161047
1600	353	5.38041835333
1600	403	5.17989354152
1600	453	4.07666254081
1600	503	4.81610772757
1600	553	4.37736538612
1600	603	4.4868829821
1600	653	4.29689310504
1600	703	2.81081891212
1600	753	3.35021838231
1600	803	3.52867203868
1600	853	2.96677966481
1700	903	2.22329624254
1700	953	1.87894330616
1700	1003	1.81745182294
1700	1053	1.68649981849
1700	1103	1.58255591314
1700	1153	1.05356963246
1700	3	0.0
1700	1203	0.859856512141
1700	1253	0.762379994886
1700	13	0.0
1700	1303	0.442462159103
1700	1353	0.296855111601
1700	23	0.0
1700	1403	0.172892335064
1700	1453	0.171542547771
1700	33	0.024466451062
1700	1503	0.098136826571
1700	1553	0.0244349301397
1700	43	0.0491409334744
1700	53	0.0737665844974
1700	103	0.833935120761
1700	153	2.08100949039
1700	203	3.34127864845
1700	253	3.01875240577
1700	303	3.59410833242
1700	353	3.5086472496
1700	403	3.55422219997
1700	453	2.8015443828
1700	503	3.0469046585
1700	553	2.88772329444
1700	603	2.66041435873
1700	653	2.93196360809
1700	703	2.33236440044
1700	753	2.6001942289
1700	803	2.03344941326
1700	853	2.00796366744
1800	903	1.51740840725
1800	953	1.40034659998
1800	1003	1.30584680678
1800	1053	1.37516696725
1800	1103	1.04699478621
1800	1153	1.17937523979
1800	3	0.0
1800	1203	1.00629893384
1800	1253	0.881323861769
1800	13	0.0
1800	1303	0.664672874908
1800	1353	0.351606603398
1800	23	0.0
1800	1403	0.304126763285
1800	1453	0.198814821944
1800	33	0.0189953994525
1800	1503	0.113943921413
1800	1553	0.10404449246
1800	43	0.0
1800	1603	0.0284037255124
1800	1653	0.0380119567194
1800	53	0.0378712051726
1800	103	0.301777035867
1800	153	1.33984586912
1800	203	1.63954482907
1800	253	1.99734419826
1800	303	2.00270633163
1800	353	2.11507243702
1800	403	1.93223482927
1800	453	1.81744643731
1800	503	1.68460097797
1800	553	1.64187560943
1800	603	1.57960243676
1800	653	1.55407443843
1800	703	1.52644204427
1800	753	1.39126308951
1800	803	1.44750818095
1800	853	1.24767292953
1900	903	0.897565133647
1900	953	0.847995586109
1900	1003	0.811563761825
1900	1053	0.816749799851
1900	1103	0.712315886799
1900	1153	0.802259153728
1900	3	0.0
1900	1203	0.6705875
1900	1253	0.740836248237
1900	13	0.0
1900	1303	0.63536429473
1900	1353	0.473743092252
1900	23	0.00551904361623
1900	1403	0.418743330082
1900	1453	0.259785392726
1900	33	0.0110931034119
1900	1503	0.160343734605
1900	1553	0.121673375311
1900	43	0.0110022496622
1900	1603	0.0939896561161
1900	1653	0.0443260743898
1900	53	0.0110799991562
1900	1703	0.0167191025899
1900	1753	0.00552281559523
1900	103	0.22032420302
1900	153	0.732988506185
1900	203	1.00265532119
1900	253	1.09417326011
1900	303	1.13422845872
1900	353	1.15206380761
1900	403	1.23488589276
1900	453	1.06562329525
1900	503	1.05231134473
1900	553	0.936544822378
1900	603	1.10129834371
1900	653	1.07894775261
1900	703	0.950214024422
1900	753	0.902934219574
1900	803	1.03915250613
1900	853	0.84543525606
2000	903	0.473908523482
2000	953	0.665064122749
2000	1003	0.629656964553
2000	1053	0.547573289717
2000	1103	0.504099740234
2000	1153	0.548165817126
2000	3	0.00470486795288
2000	1203	0.465135749777
2000	1253	0.574099688076
2000	13	0.0
2000	1303	0.538247201081
2000	1353	0.362208082941
2000	23	0.0
2000	1403	0.552207356266
2000	1453	0.365554647124
2000	33	0.0
2000	1503	0.206452279635
2000	1553	0.193797930671
2000	43	0.0
2000	1603	0.0707364663257
2000	1653	0.0701899461426
2000	53	0.00940706886045
2000	1703	0.0376474825244
2000	1753	0.0331398402396
2000	1803	0.023557065796
2000	1853	0.00947352571787
2000	103	0.127552181339
2000	153	0.417502487278
2000	203	0.598206660277
2000	253	0.648407760805
2000	303	0.777725416821
2000	353	0.736170120935
2000	403	0.748668328912
2000	453	0.662211153391
2000	503	0.705280288434
2000	553	0.640188747217
2000	603	0.690969118668
2000	653	0.64159009566
2000	703	0.476549508117
2000	753	0.608506530699
2000	803	0.552168095726
2000	853	0.455587508579
2100	903	0.316764015816
2100	953	0.38664071817
2100	1003	0.302309788977
2100	1053	0.376189411778
2100	1103	0.372742564528
2100	1153	0.314261302455
2100	3	0.0
2100	1203	0.349785461461
2100	1253	0.343562603263
2100	13	0.0
2100	1303	0.338417809192
2100	1353	0.30251518273
2100	23	0.00231150525958
2100	1403	0.294035277961
2100	1453	0.24657915687
2100	33	0.00229326818439
2100	1503	0.260676836344
2100	1553	0.223456180242
2100	43	0.0
2100	1603	0.183701346816
2100	1653	0.126699187792
2100	53	0.00231011159589
2100	1703	0.0529416281635
2100	1753	0.0414624692573
2100	1803	0.0322151343088
2100	1853	0.03247649241
2100	1903	0.00927042572613
2100	1953	0.00460407244762
2100	103	0.0622862976059
2100	153	0.228934444579
2100	203	0.341724196871
2100	253	0.379446342049
2100	303	0.408450952694
2100	353	0.385666031057
2100	403	0.421761002231
2100	453	0.366740879787
2100	503	0.425060533643
2100	553	0.36679916887
2100	603	0.34367541565
2100	653	0.34768302609
2100	703	0.344515105938
2100	753	0.286403603762
2100	803	0.306666619253
2100	853	0.348143707399
2200	903	0.190836526746
2200	953	0.1918181883
2200	1003	0.221762494218
2200	1053	0.19237880199
2200	1103	0.221345084878
2200	1153	0.231167731345
2200	3	0.0
2200	1203	0.191299889786
2200	1253	0.20488118039
2200	13	0.0
2200	1303	0.213633400889
2200	1353	0.196906125339
2200	23	0.0
2200	1403	0.190059350066
2200	1453	0.233931984182
2200	33	0.0
2200	1503	0.200648496543
2200	1553	0.164647858017
2200	43	0.0
2200	1603	0.159935914965
2200	1653	0.139205484715
2200	53	0.00159886489249
2200	1703	0.0891823883884
2200	1753	0.0656353751131
2200	1803	0.0433129856656
2200	1853	0.0316928894543
2200	1903	0.0223934243383
2200	1953	0.019058165976
2200	2003	0.00796450478401
2200	2053	0.0
2200	103	0.0493296933778
2200	153	0.0861186299616
2200	203	0.184842175839
2200	253	0.215590510845
2200	303	0.259367554958
2200	353	0.238106343776
2200	403	0.264876836327
2200	453	0.214118703721
2200	503	0.221854588277
2200	553	0.229848605162
2200	603	0.228640397233
2200	653	0.205010470668
2200	703	0.185984000804
2200	753	0.186936099629
2200	803	0.213826002681
2200	853	0.21936519581
2300	903	0.113790765524
2300	953	0.129174372217
2300	1003	0.120079102389
2300	1053	0.11408768427
2300	1103	0.120953187595
2300	1153	0.127852764254
2300	3	0.0
2300	1203	0.117936277342
2300	1253	0.14153222625
2300	13	0.0
2300	1303	0.141102117873
2300	1353	0.127749456753
2300	23	0.0
2300	1403	0.127495641976
2300	1453	0.135965066108
2300	33	0.0
2300	1503	0.124935116064
2300	1553	0.12895166823
2300	43	0.00100922221047
2300	1603	0.116680444044
2300	1653	0.116533066838
2300	53	0.00100545381122
2300	1703	0.0947077674299
2300	1753	0.0734557358402
2300	1803	0.0603392354973
2300	1853	0.0393837277953
2300	1903	0.0281135467733
2300	1953	0.0141131925031
2300	2003	0.00804231257168
2300	2053	0.0030299449729
2300	2103	0.00302720426192
2300	2153	0.00100166672497
2300	103	0.0161248211374
2300	153	0.0645469944816
2300	203	0.0996624171716
2300	253	0.129808382672
2300	303	0.140010463074
2300	353	0.129163749824
2300	403	0.135798256883
2300	453	0.145531873364
2300	503	0.136476535433
2300	553	0.114499772225
2300	603	0.143633625159
2300	653	0.126675318118
2300	703	0.13074725608
2300	753	0.123647661619
2300	803	0.106721610158
2300	853	0.123467044395
2400	903	0.0721985996237
2400	953	0.0633543640873
2400	1003	0.0721137964449
2400	1053	0.0718087477339
2400	1103	0.0668801173262
2400	1153	0.080342206527
2400	3	0.0
2400	1203	0.0811501505491
2400	1253	0.0723460652422
2400	13	0.00107216946178
2400	1303	0.0814293013739
2400	1353	0.0866727358714
2400	23	0.0
2400	1403	0.0809128926869
2400	1453	0.085318649944
2400	33	0.0
2400	1503	0.0880673080304
2400	1553	0.0720545526563
2400	43	0.0
2400	1603	0.0720122952262
2400	1653	0.0733768605747
2400	53	0.00109088988095
2400	1703	0.0773440115666
2400	1753	0.0794862442855
2400	1803	0.0625591340683
2400	1853	0.0465820059898
2400	1903	0.0377830741592
2400	1953	0.027934694077
2400	2003	0.0151722133523
2400	2053	0.00757267280562
2400	2103	0.00649188428614
2400	2153	0.00323404082193
2400	103	0.00859999608955
2400	2203	0.00325838189684
2400	2253	0.00217122519498
2400	153	0.0409661235294
2400	203	0.0655109258717
2400	253	0.0715312623791
2400	303	0.0729073536397
2400	353	0.0643803864169
2400	403	0.0845925970491
2400	453	0.0645417857143
2400	503	0.0731471630928
2400	553	0.0700255755854
2400	603	0.0792872928231
2400	653	0.0740909448665
2400	703	0.0580829075045
2400	753	0.0646909636428
2400	803	0.0678244282358
2400	853	0.0870613424433
2500	903	0.0374091719745
2500	953	0.0415241668234
2500	1003	0.0461342114804
2500	1053	0.0459970563007
2500	1103	0.0499073396082
2500	1153	0.0417711248362
2500	3	0.0
2500	1203	0.0435826574056
2500	1253	0.0424310632267
2500	13	0.0
2500	1303	0.046209021655
2500	1353	0.056173856385
2500	23	0.0
2500	1403	0.0538943253963
2500	1453	0.0490592576756
2500	33	0.000441071906878
2500	1503	0.0516921111822
2500	1553	0.0504197223052
2500	43	0.0
2500	1603	0.0537522402541
2500	1653	0.067191335319
2500	53	0.0
2500	1703	0.0519547943425
2500	1753	0.047943021044
2500	1803	0.0503764758531
2500	1853	0.0400348194757
2500	1903	0.0366991031379
2500	1953	0.0333885709299
2500	2003	0.0232757199472
2500	2053	0.0140952474282
2500	2103	0.0061686754942
2500	2153	0.00264702780525
2500	103	0.00442600886723
2500	2203	0.00526518433667
2500	2253	0.00175753422608
2500	2303	0.00132430971201
2500	2353	0.000438738047809
2500	153	0.0154855851444
2500	203	0.0332782146895
2500	253	0.0334594835276
2500	303	0.0446096541111
2500	353	0.0402145549397
2500	403	0.0462922707369
2500	453	0.0419527657335
2500	503	0.0413396817632
2500	553	0.0478432952606
2500	603	0.039075416568
2500	653	0.0440978075883
2500	703	0.0403513408426
2500	753	0.0412922720983
2500	803	0.0387861708754
2500	853	0.0410813904105
2600	903	0.02007528
2600	953	0.0240371338105
2600	1003	0.0227261302581
2600	1053	0.0302575169788
2600	1103	0.0255452321388
2600	1153	0.0285061721096
2600	3	0.0
2600	1203	0.026243928694
2600	1253	0.0265414542069
2600	13	0.0
2600	1303	0.0278416777572
2600	1353	0.027888256765
2600	23	0.000299635020033
2600	1403	0.0281604613466
2600	1453	0.0276412566623
2600	33	0.0
2600	1503	0.0390260753403
2600	1553	0.0322212540167
2600	43	0.0
2600	1603	0.0316561312758
2600	1653	0.0320886192885
2600	53	0.0
2600	1703	0.0334601397453
2600	1753	0.0356060215153
2600	1803	0.0330027618364
2600	1853	0.0328182694538
2600	1903	0.0338944281934
2600	1953	0.027201466349
2600	2003	0.0237603775419
2600	2053	0.0224250238303
2600	2103	0.0143288717352
2600	2153	0.00869402938912
2600	103	0.00360830632814
2600	2203	0.0074664081406
2600	2253	0.00478907731863
2600	2303	0.00329100770983
2600	2353	0.0012005789012
2600	2403	0.000601320340269
2600	2453	0.0
2600	153	0.0104823582066
2600	203	0.0147445181534
2600	253	0.0201014151733
2600	303	0.0191707914108
2600	353	0.0271874327328
2600	403	0.0254899438337
2600	453	0.0225663360467
2600	503	0.0279450269422
2600	553	0.0214601200955
2600	603	0.0243026794112
2600	653	0.0227134994508
2600	703	0.0273164372583
2600	753	0.0186882002482
2600	803	0.0227448014311
2600	853	0.0201096965952
2700	903	0.0195306379109
2700	953	0.0160247960426
2700	1003	0.01232894116
2700	1053	0.0156442737106
2700	1103	0.010463533211
2700	1153	0.0147745496536
2700	3	0.0
2700	1203	0.0186610862777
2700	1253	0.012758058612
2700	13	0.0
2700	1303	0.0141743644477
2700	1353	0.0117108487982
2700	23	0.0
2700	1403	0.0157581504458
2700	1453	0.0155500004681
2700	33	0.0
2700	1503	0.0195500861975
2700	1553	0.0208795257193
2700	43	0.000222306247787
2700	1603	0.0168278635679
2700	1653	0.0204591029333
2700	53	0.0
2700	1703	0.0202763718412
2700	1753	0.021497584619
2700	1803	0.020067176645
2700	1853	0.0201100207315
2700	1903	0.0230269141822
2700	1953	0.0199808051772
2700	2003	0.0215567449237
2700	2053	0.0162243603712
2700	2103	0.0191684957637
2700	2153	0.0136624656111
2700	103	0.00201561732415
2700	2203	0.00942184712881
2700	2253	0.00645194605336
2700	2303	0.00291176331012
2700	2353	0.00179843660985
2700	2403	0.000897541831741
2700	2453	0.000223240899606
2700	2503	0.000444291075768
2700	2553	0.000447935799023
2700	153	0.00467209886623
2700	203	0.00849194869097
2700	253	0.0131979373955
2700	303	0.0120561266985
2700	353	0.0113905678497
2700	403	0.0155387153792
2700	453	0.0140121954262
2700	503	0.0138450018554
2700	553	0.0136720067352
2700	603	0.014062872444
2700	653	0.010119986453
2700	703	0.0134129059221
2700	753	0.0118510018579
2700	803	0.0124600819596
2700	853	0.0112342833585
2800	903	0.00538810974459
2800	953	0.00685186607451
2800	1003	0.00714394331226
2800	1053	0.00844882057078
2800	1103	0.00809410466734
2800	1153	0.00927291899562
2800	3	0.0
2800	1203	0.00908756501406
2800	1253	0.00794700058492
2800	13	0.0
2800	1303	0.00917684220441
2800	1353	0.0103046866688
2800	23	0.0
2800	1403	0.0113114003035
2800	1453	0.0108939433665
2800	33	0.0
2800	1503	0.00954017554427
2800	1553	0.0115464064132
2800	43	0.0
2800	1603	0.0114964877897
2800	1653	0.0127472181022
2800	53	0.0
2800	1703	0.0125937423001
2800	1753	0.0130039982492
2800	1803	0.0119934023401
2800	1853	0.0139214239569
2800	1903	0.0144583176839
2800	1953	0.0161562925182
2800	2003	0.0119363124666
2800	2053	0.00995290572004
2800	2103	0.0125824527212
2800	2153	0.0101726857634
2800	103	0.000158721567482
2800	2203	0.0105102918161
2800	2253	0.00639611270726
2800	2303	0.00619290734248
2800	2353	0.0035281818813
2800	2403	0.00111732787962
2800	2453	0.00207078008621
2800	2503	0.000474924520219
2800	2553	0.000474989631889
2800	2603	0.000158942746056
2800	2653	0.000159441970834
2800	153	0.0033472416024
2800	203	0.0033471838555
2800	253	0.0060205592235
2800	303	0.00698326908541
2800	353	0.00794686387173
2800	403	0.00720797734011
2800	453	0.00970168299191
2800	503	0.00667295494411
2800	553	0.00905303945333
2800	603	0.00624691369476
2800	653	0.00829284298833
2800	703	0.00670269346369
2800	753	0.00754937727691
2800	803	0.00670361982586
2800	853	0.00714566231824
2900	903	0.00424377935939
2900	953	0.00512852436072
2900	1003	0.00502063357132
2900	1053	0.00492100178778
2900	1103	0.00500464392476
2900	1153	0.00440265274515
2900	3	0.0
2900	1203	0.00466161502062
2900	1253	0.00479904929618
2900	13	0.0
2900	1303	0.00479062682099
2900	1353	0.00624359711566
2900	23	0.0
2900	1403	0.00600294845775
2900	1453	0.00501889690876
2900	33	0.0
2900	1503	0.00609626151543
2900	1553	0.0058575057516
2900	43	0.0
2900	1603	0.00684498600134
2900	1653	0.00617822674284
2900	53	0.0
2900	1703	0.00772481957085
2900	1753	0.00761046376762
2900	1803	0.00844194901146
2900	1853	0.00928317864507
2900	1903	0.00816168629452
2900	1953	0.00795239992209
2900	2003	0.00709718557886
2900	2053	0.00980042485838
2900	2103	0.0093126410527
2900	2153	0.00905527956804
2900	103	0.000269944012299
2900	2203	0.00728305708095
2900	2253	0.00778527460323
2900	2303	0.00647115776446
2900	2353	0.00445985812588
2900	2403	0.0032426019248
2900	2453	0.0013551148995
2900	2503	0.000882746461801
2900	2553	0.000880987050542
2900	2603	0.000135224887642
2900	2653	0.000336761607603
2900	153	0.00182465510507
2900	2703	0.000135001434424
2900	2753	6.75751605455e-05
2900	203	0.00251990824254
2900	253	0.00277080440028
2900	303	0.00357983849484
2900	353	0.00372815488949
2900	403	0.00371096381051
2900	453	0.00400104548075
2900	503	0.00390683725351
2900	553	0.0050583164213
2900	603	0.00344593731693
2900	653	0.00447590059605
2900	703	0.00368064438007
2900	753	0.00471234235162
2900	803	0.00443864620134
2900	853	0.00457550469
3000	903	0.0019638025211
3000	953	0.00274215893279
3000	1003	0.00299178314991
3000	1053	0.00233940805069
3000	1103	0.00297214425484
3000	1153	0.00281264286285
3000	3	0.0
3000	1203	0.00225691082105
3000	1253	0.00320203507327
3000	13	4.25691375908e-05
3000	1303	0.00355383023002
3000	1353	0.0029260737205
3000	23	0.0
3000	1403	0.00302496197445
3000	1453	0.00364364486303
3000	33	0.0
3000	1503	0.00281389595376
3000	1553	0.00349282059827
3000	43	0.0
3000	1603	0.00265153513315
3000	1653	0.00346354671066
3000	53	0.0
3000	1703	0.00403858055901
3000	1753	0.00462357145151
3000	1803	0.00429774758176
3000	1853	0.00482175192363
3000	1903	0.00448090126351
3000	1953	0.00585957446711
3000	2003	0.00559352779526
3000	2053	0.00546499407418
3000	2103	0.00458580267589
3000	2153	0.00465351783937
3000	103	4.25773934471e-05
3000	2203	0.00577926543628
3000	2253	0.00497746657852
3000	2303	0.00397698369522
3000	2353	0.00459060762608
3000	2403	0.00374360752756
3000	2453	0.00231258153945
3000	2503	0.00188389335536
3000	2553	0.00178880151548
3000	2603	0.000898460949411
3000	2653	0.00073121492699
3000	153	0.000597610668863
3000	2703	0.000512079580146
3000	2753	8.53993249814e-05
3000	2803	4.276620564e-05
3000	2853	0.000127879527154
3000	203	0.00111133555517
3000	253	0.00175160800833
3000	303	0.00269229652022
3000	353	0.00230985153179
3000	403	0.00226284910884
3000	453	0.00217793196407
3000	503	0.00212857827257
3000	553	0.00192808049962
3000	603	0.00218460614269
3000	653	0.00242746528824
3000	703	0.00213549620068
3000	753	0.00199261292045
3000	803	0.00285754268801
3000	853	0.0021685031501
