1000	3	1.60428947869
1000	13	3.14752831446
1000	23	1.63258507727
1000	33	0.0
1000	43	6.60834778716
1000	53	0.0
1000	103	9.97952458739
1000	153	25.9015350877
1000	203	56.1135468983
1000	253	62.936589698
1000	303	56.4214254518
1000	353	65.6303108882
1000	403	54.9759603537
1000	453	45.6606284862
1000	503	45.7908670488
1000	553	30.8765685195
1000	603	16.3588642659
1100	3	2.63357472781
1100	13	0.893456641576
1100	23	2.65746650021
1100	33	3.66069076213
1100	43	1.7509506183
1100	53	1.71373534069
1100	103	6.93647467753
1100	153	26.4572241403
1100	203	50.8800452893
1100	253	48.6427478418
1100	303	44.4786727217
1100	353	56.4717139225
1100	403	53.3133621657
1100	453	39.2177159925
1100	503	28.1572662386
1100	553	29.2224028621
1100	603	28.5610420976
1100	653	26.43016327
1100	703	15.1396206733
1200	3	1.01367825889
1200	13	0.50841365748
1200	23	0.497662435486
1200	33	2.01158209292
1200	43	1.46820658436
1200	53	1.52545835471
1200	103	5.96695526132
1200	153	15.0711453434
1200	203	26.7795391588
1200	253	44.4473399777
1200	303	40.5691837462
1200	353	41.8199782311
1200	403	43.1102158333
1200	453	39.873489431
1200	503	36.0476389951
1200	553	25.3787309717
1200	603	29.563323783
1200	653	15.4258141092
1200	703	16.4205698745
1200	753	13.7025652916
1200	803	10.5311174519
1300	903	4.00845765313
1300	3	0.283572494611
1300	13	0.286438302624
1300	23	1.72122462674
1300	33	0.294056517253
1300	43	0.586599965697
1300	53	1.70581950179
1300	103	7.43020392793
1300	153	11.6583472999
1300	203	18.0053216342
1300	253	23.9006788686
1300	303	27.922131761
1300	353	31.7904399752
1300	403	26.2633617747
1300	453	29.5913166944
1300	503	30.0178694665
1300	553	26.703620183
1300	603	23.9711270619
1300	653	19.3351134781
1300	703	19.5432761905
1300	753	14.1994242852
1300	803	11.4591316488
1300	853	7.73750635422
1400	903	5.18400034402
1400	953	4.81040558643
1400	1003	3.89140534671
1400	3	0.0
1400	13	0.175598962885
1400	23	0.68478059587
1400	33	0.507232258065
1400	43	0.67878490991
1400	53	0.857778568379
1400	103	3.80487260415
1400	153	7.10414838877
1400	203	11.7767348581
1400	253	16.1198837243
1400	303	17.8916449935
1400	353	16.1446171819
1400	403	18.8806681418
1400	453	17.8096336776
1400	503	17.9388118034
1400	553	20.2732105889
1400	603	18.0928064073
1400	653	16.6964988314
1400	703	12.7736515937
1400	753	12.5647921251
1400	803	11.6669964654
1400	853	7.94953755928
1500	903	7.25462394342
1500	953	6.1395000433
1500	1003	4.57060469436
1500	1053	3.25611155648
1500	1103	1.6474008569
1500	3	0.207072552849
1500	13	0.107996854215
1500	23	0.101903064398
1500	33	0.106205444742
1500	43	0.20655048132
1500	53	0.10353032914
1500	103	2.45031455519
1500	153	5.70662440274
1500	203	7.99795425971
1500	253	9.4061314733
1500	303	10.4849888407
1500	353	9.55552780499
1500	403	11.1617507668
1500	453	11.3401329863
1500	503	10.4499603617
1500	553	11.7756205009
1500	603	12.5454257541
1500	653	11.2786511755
1500	703	10.8997094363
1500	753	9.77661385467
1500	803	9.58948674161
1500	853	8.27622176434
1600	903	6.67132288401
1600	953	4.45296356449
1600	1003	3.93608228711
1600	1053	2.70887009544
1600	1103	3.29874350282
1600	1153	2.46840590975
1600	3	0.127643979363
1600	1203	1.34084804036
1600	13	0.0
1600	23	0.0644627274333
1600	33	0.0
1600	43	0.0622630097253
1600	53	0.189603481122
1600	103	1.37538096378
1600	153	3.0816903589
1600	203	5.04590837223
1600	253	5.05084429066
1600	303	6.12892035322
1600	353	6.1587785124
1600	403	5.34997510035
1600	453	7.15327553818
1600	503	6.5202960995
1600	553	7.20936312247
1600	603	6.1746429743
1600	653	7.40601826524
1600	703	6.90283527454
1600	753	7.78838450947
1600	803	6.43759892771
1600	853	7.43346862561
1700	903	4.90047247915
1700	953	3.32594991817
1700	1003	3.94327647302
1700	1053	2.87933501619
1700	1103	2.56321494215
1700	1153	2.09607770826
1700	3	0.0
1700	1203	1.80914778325
1700	1253	1.15942227302
1700	13	0.0802915064246
1700	1303	0.605072491987
1700	23	0.0402236991457
1700	33	0.040095548608
1700	43	0.119709218597
1700	53	0.0401421630001
1700	103	1.26495800127
1700	153	1.89759910653
1700	203	3.03506180308
1700	253	3.56385047066
1700	303	2.72123066865
1700	353	3.12504198312
1700	403	3.96745107434
1700	453	4.25270527551
1700	503	3.85847851003
1700	553	3.96883347869
1700	603	3.24532971833
1700	653	3.93158797593
1700	703	4.61717456768
1700	753	5.22289412763
1700	803	4.58975172661
1700	853	4.2328447192
1800	903	2.33097612121
1800	953	2.60581055403
1800	1003	2.48911294233
1800	1053	2.65336704389
1800	1103	2.11094719125
1800	1153	2.46251529125
1800	3	0.0
1800	1203	1.66219766944
1800	1253	1.23624100542
1800	13	0.0
1800	1303	0.9362378416
1800	1353	0.671275557538
1800	23	0.0
1800	1403	0.19875462055
1800	33	0.0747528833259
1800	43	0.0503757192348
1800	53	0.025664896556
1800	103	0.634971550415
1800	153	1.08977518111
1800	203	1.66415337756
1800	253	1.72481640158
1800	303	1.96924561833
1800	353	2.50027090199
1800	403	2.60950732693
1800	453	2.11951433002
1800	503	2.185781237
1800	553	2.22861632591
1800	603	2.64608038459
1800	653	1.83268363371
1800	703	2.31478694332
1800	753	2.39965198741
1800	803	2.42829926046
1800	853	2.46306784501
1900	903	1.37558706502
1900	953	1.90326406321
1900	1003	1.46441439237
1900	1053	1.60054286374
1900	1103	1.34413537243
1900	1153	1.71395221891
1900	3	0.0
1900	1203	1.25087289457
1900	1253	1.32075805544
1900	13	0.0
1900	1303	0.826200471887
1900	1353	0.916643161208
1900	23	0.0
1900	1403	0.452535178253
1900	1453	0.338952358325
1900	33	0.0
1900	1503	0.324010178274
1900	43	0.0
1900	53	0.0159938156573
1900	103	0.355982988817
1900	153	0.493612348463
1900	203	1.13978929476
1900	253	1.19884258977
1900	303	1.15316995884
1900	353	1.3920708562
1900	403	1.47075337395
1900	453	1.45387547286
1900	503	1.33701323949
1900	553	1.17358783362
1900	603	1.30864891575
1900	653	1.28637402116
1900	703	1.52444648018
1900	753	1.2515451395
1900	803	1.40900031093
1900	853	1.54909218454
2000	903	0.958564816222
2000	953	0.970424809947
2000	1003	0.991265456066
2000	1053	1.0529615326
2000	1103	0.841473760577
2000	1153	1.15309414648
2000	3	0.0
2000	1203	1.06925096649
2000	1253	1.12762918247
2000	13	0.0102279044684
2000	1303	0.987117909487
2000	1353	0.656142835079
2000	23	0.0
2000	1403	0.636700423899
2000	1453	0.476340613397
2000	33	0.0
2000	1503	0.350111929802
2000	1553	0.254974724971
2000	43	0.0106247358986
2000	1603	0.206608254482
2000	53	0.0
2000	103	0.0811951928076
2000	153	0.426346014817
2000	203	0.503276582905
2000	253	0.657599448272
2000	303	0.722117458739
2000	353	0.781934140073
2000	403	0.691365460089
2000	453	0.709091838603
2000	503	0.721265561454
2000	553	0.839611964771
2000	603	0.771661098874
2000	653	0.825940443639
2000	703	0.822184925992
2000	753	0.911250618513
2000	803	0.847727734363
2000	853	0.827360089742
2100	903	0.522392166584
2100	953	0.493258067536
2100	1003	0.545038764763
2100	1053	0.640565980383
2100	1103	0.549772408224
2100	1153	0.55930509586
2100	3	0.0
2100	1203	0.655394562185
2100	1253	0.60986989264
2100	13	0.0
2100	1303	0.594102980772
2100	1353	0.534620803057
2100	23	0.0
2100	1403	0.530627494103
2100	1453	0.421275746437
2100	33	0.0
2100	1503	0.401596832141
2100	1553	0.335070397506
2100	43	0.0129153311065
2100	1603	0.281317531278
2100	1653	0.167238202796
2100	53	0.0132436525892
2100	1703	0.161977709454
2100	103	0.0469786942675
2100	153	0.234244450091
2100	203	0.248395062122
2100	253	0.383800602901
2100	303	0.500272005997
2100	353	0.339333891134
2100	403	0.408729462554
2100	453	0.502690144382
2100	503	0.350842669955
2100	553	0.369440816454
2100	603	0.573854840777
2100	653	0.510471242236
2100	703	0.438890612372
2100	753	0.571885074156
2100	803	0.486650501408
2100	853	0.463819330902
2200	903	0.339764298856
2200	953	0.315788619115
2200	1003	0.32082202975
2200	1053	0.29119952626
2200	1103	0.34264285032
2200	1153	0.384310742175
2200	3	0.0
2200	1203	0.30458662809
2200	1253	0.410588083151
2200	13	0.0
2200	1303	0.455633319743
2200	1353	0.370324824378
2200	23	0.0
2200	1403	0.436107310747
2200	1453	0.433108257448
2200	33	0.0
2200	1503	0.326603998058
2200	1553	0.322552920019
2200	43	0.0
2200	1603	0.309575971605
2200	1653	0.197165630263
2200	53	0.00862373305125
2200	1703	0.14330678267
2200	1753	0.0924941324777
2200	1803	0.0569914254986
2200	103	0.0216085105699
2200	153	0.126664124294
2200	203	0.179681538021
2200	253	0.289006224146
2200	303	0.152826799634
2200	353	0.279384729678
2200	403	0.265370771287
2200	453	0.2623678753
2200	503	0.258572991114
2200	553	0.307621615615
2200	603	0.264781021017
2200	653	0.291506306766
2200	703	0.299483588091
2200	753	0.286963387143
2200	803	0.241480006411
2200	853	0.288288797246
2300	903	0.139592682741
2300	953	0.128745542126
2300	1003	0.16764593601
2300	1053	0.195497917361
2300	1103	0.163265250653
2300	1153	0.222963012978
2300	3	0.0
2300	1203	0.235686240679
2300	1253	0.247688831038
2300	13	0.0
2300	1303	0.223352602236
2300	1353	0.245189143673
2300	23	0.0
2300	1403	0.25596671786
2300	1453	0.237256256905
2300	33	0.00280996859564
2300	1503	0.281614090879
2300	1553	0.246976667636
2300	43	0.0
2300	1603	0.224057202478
2300	1653	0.243375645295
2300	53	0.00279424644611
2300	1703	0.1451432574
2300	1753	0.143328595816
2300	1803	0.0715793141245
2300	1853	0.0864164285714
2300	1903	0.0138899016849
2300	103	0.0251024895282
2300	153	0.0645574744306
2300	203	0.103333335826
2300	253	0.118876476135
2300	303	0.168406009992
2300	353	0.154321099824
2300	403	0.116777143135
2300	453	0.156675271937
2300	503	0.161708589698
2300	553	0.167331788226
2300	603	0.135130461458
2300	653	0.167031358942
2300	703	0.146626804977
2300	753	0.164646303564
2300	803	0.172827248418
2300	853	0.196070473956
2400	903	0.0892314496235
2400	953	0.113951822548
2400	1003	0.0992629579175
2400	1053	0.0947267749171
2400	1103	0.101410612299
2400	1153	0.0992898769313
2400	3	0.0
2400	1203	0.112578693229
2400	1253	0.11986433842
2400	13	0.0
2400	1303	0.146425128288
2400	1353	0.132532766413
2400	23	0.0
2400	1403	0.14223429737
2400	1453	0.156693743638
2400	33	0.0
2400	1503	0.155665945679
2400	1553	0.161872370702
2400	43	0.0
2400	1603	0.169733412448
2400	1653	0.150528122114
2400	53	0.00371304068884
2400	1703	0.127123352601
2400	1753	0.107496689702
2400	1803	0.0897148521637
2400	1853	0.0688324811386
2400	1903	0.0580502573578
2400	1953	0.0287050055472
2400	2003	0.0200467151712
2400	103	0.00551573535313
2400	153	0.0486795523856
2400	203	0.0540919391336
2400	253	0.0671942977519
2400	303	0.102298604533
2400	353	0.0700299088289
2400	403	0.0721959818791
2400	453	0.0916257670817
2400	503	0.0992596996553
2400	553	0.0757510726939
2400	603	0.0770140253437
2400	653	0.104977097804
2400	703	0.113159364626
2400	753	0.0807723629656
2400	803	0.0969806591755
2400	853	0.114403459722
2500	903	0.0484951847749
2500	953	0.0720962389607
2500	1003	0.0548028750127
2500	1053	0.0511862986927
2500	1103	0.0621155487562
2500	1153	0.0674750757651
2500	3	0.0
2500	1203	0.0576461427522
2500	1253	0.0722501746032
2500	13	0.0
2500	1303	0.0746447690135
2500	1353	0.0648499079868
2500	23	0.0
2500	1403	0.0911447536074
2500	1453	0.0894311237438
2500	33	0.0
2500	1503	0.0873329413362
2500	1553	0.0918710552043
2500	43	0.0
2500	1603	0.088260410753
2500	1653	0.0970420425648
2500	53	0.0
2500	1703	0.108269565615
2500	1753	0.0945993490151
2500	1803	0.0809623473809
2500	1853	0.074385308457
2500	1903	0.0519895171674
2500	1953	0.0499076450827
2500	2003	0.0252373996549
2500	2053	0.0184620510806
2500	2103	0.0142487121774
2500	103	0.00476096058365
2500	153	0.0126504092422
2500	203	0.0386744328045
2500	253	0.0341079954609
2500	303	0.0476444201154
2500	353	0.0306542687945
2500	403	0.0444942424242
2500	453	0.0580219274194
2500	503	0.0543283369415
2500	553	0.047558164582
2500	603	0.0529189814573
2500	653	0.049716374874
2500	703	0.0476982133189
2500	753	0.046245984252
2500	803	0.0515521947003
2500	853	0.0526503137554
2600	903	0.03211167603
2600	953	0.0230660005447
2600	1003	0.0281526606648
2600	1053	0.0355093051236
2600	1103	0.0407255914277
2600	1153	0.0333886292374
2600	3	0.0
2600	1203	0.0312774850258
2600	1253	0.0378303015075
2600	13	0.0
2600	1303	0.0377791376304
2600	1353	0.0389902113114
2600	23	0.0
2600	1403	0.0422934269663
2600	1453	0.044018607824
2600	33	0.0
2600	1503	0.0532299090909
2600	1553	0.0532603168256
2600	43	0.0
2600	1603	0.0510352432738
2600	1653	0.055747218398
2600	53	0.000765634619296
2600	1703	0.0584696975065
2600	1753	0.0550772489477
2600	1803	0.06673266764
2600	1853	0.0697536753603
2600	1903	0.0585776550394
2600	1953	0.0507837150171
2600	2003	0.0331866749821
2600	2053	0.0265479143577
2600	2103	0.0195369290657
2600	2153	0.0142608544367
2600	103	0.002363733952
2600	2203	0.006099436905
2600	153	0.0116184357638
2600	203	0.0205911605997
2600	253	0.0306025609756
2600	303	0.0271350946167
2600	353	0.0201034592078
2600	403	0.0279417430751
2600	453	0.0348159038745
2600	503	0.0295662045682
2600	553	0.0327148954017
2600	603	0.0229783863528
2600	653	0.0275199309504
2600	703	0.0354342146731
2600	753	0.0201947222891
2600	803	0.0227545909457
2600	853	0.0261301824733
2700	903	0.0145489276782
2700	953	0.015035468647
2700	1003	0.0164038560375
2700	1053	0.0188603615245
2700	1103	0.0181009108461
2700	1153	0.0203158256424
2700	3	0.0
2700	1203	0.018563714653
2700	1253	0.0241329582956
2700	13	0.0
2700	1303	0.0257920750052
2700	1353	0.0204774136321
2700	23	0.0
2700	1403	0.0253308711053
2700	1453	0.0222665359052
2700	1503	0.030780631123
2700	1553	0.022312402156
2700	43	0.000517321083172
2700	1603	0.0286599546421
2700	1653	0.0312942870844
2700	53	0.0
2700	1703	0.0306814918623
2700	1753	0.0350931714579
2700	1803	0.0368641888826
2700	1853	0.039714679592
2700	1903	0.0357451971276
2700	1953	0.0328474215011
2700	2003	0.0359860491314
2700	2053	0.0323484454399
2700	2103	0.0218418918158
2700	2153	0.0184191055425
2700	103	0.00150694595159
2700	2203	0.0140648288815
2700	2253	0.0105522917681
2700	2303	0.00498828100715
2700	153	0.0060313499217
2700	203	0.00885745349233
2700	253	0.01356883401
2700	303	0.0179270826684
2700	353	0.0133637076053
2700	403	0.0142547132433
2700	453	0.00973978952225
2700	503	0.01161140625
2700	553	0.0164658770081
2700	603	0.0137937701675
2700	653	0.0157414974334
2700	703	0.0116627733305
2700	753	0.0183313655114
2700	803	0.0126980528879
2700	853	0.0121515049956
2800	903	0.00896848187963
2800	953	0.00755641317876
2800	1003	0.00879147652781
2800	1053	0.00963870507609
2800	1103	0.010733033338
2800	1153	0.0109936446995
2800	3	0.0
2800	1203	0.0114821488176
2800	1253	0.00866414348234
2800	13	0.0
2800	1303	0.012536221032
2800	1353	0.00936546018596
2800	23	0.0
2800	1403	0.0159464716968
2800	1453	0.0133190388537
2800	33	0.0
2800	1503	0.0122736984338
2800	1553	0.0152077419185
2800	43	0.0
2800	1603	0.0136134219227
2800	1653	0.0160351510697
2800	53	0.0
2800	1703	0.0206276650221
2800	1753	0.025894052102
2800	1803	0.0185845914006
2800	1853	0.0240826498834
2800	1903	0.0200394729231
2800	1953	0.0286701180265
2800	2003	0.0237570814286
2800	2053	0.0216874765258
2800	2103	0.0231857652458
2800	2153	0.0196787922894
2800	103	0.00063591320508
2800	2203	0.0156122344658
2800	2253	0.0120798565186
2800	2303	0.00602582935704
2800	2353	0.00757620391567
2800	2403	0.00399087041037
2800	153	0.00294690193507
2800	203	0.00296730372564
2800	253	0.00466996822761
2800	303	0.00692025128406
2800	353	0.0062280800071
2800	403	0.00677288853592
2800	453	0.00715737129375
2800	503	0.00712175998598
2800	553	0.00713851824536
2800	603	0.0101861797133
2800	653	0.00783231225715
2800	703	0.00896510899324
2800	753	0.01054251257
2800	803	0.00710955367449
2800	853	0.00486905259644
2900	903	0.00565744053564
2900	953	0.00514516947299
2900	1003	0.00444787969898
2900	1053	0.00375567075766
2900	1103	0.00614430122825
2900	1153	0.00507269708947
2900	3	0.0
2900	1203	0.00596292748271
2900	1253	0.00738362174085
2900	13	0.0
2900	1303	0.00757637710197
2900	1353	0.00389765764771
2900	23	0.0
2900	1403	0.00582438715609
2900	1453	0.00512109261073
2900	33	0.0
2900	1503	0.00857559499945
2900	1553	0.0108945426699
2900	43	0.0
2900	1603	0.00937812377709
2900	1653	0.0116416633681
2900	53	0.0
2900	1703	0.00971080569911
2900	1753	0.00898505346232
2900	1803	0.00981507145966
2900	1853	0.00975626537664
2900	1903	0.0127679943564
2900	1953	0.0154394396304
2900	2003	0.0154472154472
2900	2053	0.0140508935939
2900	2103	0.0170110689368
2900	2153	0.0124450452324
2900	103	0.00064244375273
2900	2203	0.0158735289184
2900	2253	0.00939150878127
2900	2303	0.0103514562253
2900	2353	0.00831936119674
2900	2403	0.0058030448876
2900	2453	0.00389981104972
2900	2503	0.00169650731848
2900	153	0.00190383482576
2900	203	0.00252880664923
2900	253	0.00471950145879
2900	303	0.00341109202276
2900	353	0.00425169136249
2900	403	0.00307842734851
2900	453	0.00614164662466
2900	503	0.00453556462919
2900	553	0.00440018932782
2900	603	0.00484375586266
2900	653	0.00435187733511
2900	703	0.00408039740781
2900	753	0.00360650827713
2900	803	0.00425830890071
2900	853	0.00471125418669
3000	903	0.00382114202135
3000	953	0.00107122962113
3000	1003	0.00434098749637
3000	1053	0.00272182322054
3000	1103	0.00275071049528
3000	1153	0.00213388450543
3000	3	0.0
3000	1203	0.00546276932084
3000	1253	0.00271548603027
3000	13	0.0
3000	1303	0.00268346563129
3000	1353	0.00270094369663
3000	23	0.0
3000	1403	0.00712558848583
3000	1453	0.0027206327453
3000	33	0.0
3000	1503	0.00372683994294
3000	1553	0.00586818238994
3000	43	0.0
3000	1603	0.0043416187291
3000	1653	0.005962789252
3000	53	0.0
3000	1703	0.00550547868417
3000	1753	0.00798380775813
3000	1803	0.00591382944396
3000	1853	0.00769405036077
3000	1903	0.00821459427733
3000	1953	0.00918055100564
3000	2003	0.00823271470588
3000	2053	0.0102118542627
3000	2103	0.00902001535399
3000	2153	0.00600640877835
3000	103	0.0
3000	2203	0.0102103838733
3000	2253	0.00816427883914
3000	2303	0.00269509243212
3000	2353	0.00581581017141
3000	2403	0.00607125170068
3000	2453	0.00494108208297
3000	2503	0.00425620983607
3000	2553	0.00107493202765
3000	2603	0.00212810491803
3000	153	0.000542781268179
3000	203	0.000551442671395
3000	253	0.00274908956983
3000	303	0.00323738383692
3000	353	0.0027056430332
3000	403	0.00161031094492
3000	453	0.00272222027717
3000	503	0.0016472696778
3000	553	0.00321830755964
3000	603	0.00211184835196
3000	653	0.00161518926717
3000	703	0.000532405706134
3000	753	0.000537079291984
3000	803	0.00539252131195
3000	853	0.00280656038502
